CORRECTED ACCELEROGRAM  IIA001  40.001.0    COMP S90W   FILE  2 DERIVED FROM:   
FILE   2  OF UNCORRECTED ACCELEROGRAM DATA OF VOL. I-A, EERL 70-20              
IMPERIAL VALLEY EARTHQUAKE                                                      
MAY 18, 1940 - 2037 PST                                                         
IA001   40.001.0 S                                                      18      
STATION NO. 117   32 47 43N,115 32 55W                                  38      
EL CENTRO SITE IMPERIAL VALLEY IRRIGATION DISTRICT                      50      
COMP S90W                                                               9       
IMPERIAL VALLEY EARTHQUAKE   MAY 18, 1940 - 2037 PST                    52      
EPICENTER  32 44 00N,115 27 00W                                         31      
INSTR PERIOD = 0.1000 SEC  DAMPING = 0.528                              42      
NO. OF POINTS = 1105  DURATION = 53.47 SEC                              42      
UNITS ARE SEC AND G/10.                                                 23      
RMS ACCLN OF COMPLETE RECORD = 0.4126 G/10.                             43      
 ACCELEROGRAM IS BAND-PASS FILTERED BETWEEN  .050- .070 AND 25.00-27.00 HZ      
  2674  INSTRUMENT AND BASELINE CORRECTED DATA                                  
AT EQUALLY-SPACED INTERVALS OF    .020  SEC.                                    
PEAK ACCELERATION =   210.14200  CMS/SEC/SEC AT   11.440 SEC                    
PEAK VELOCITY     =   -36.92861  CMS/SEC     AT    2.140 SEC                    
PEAK DISPLACEMENT =   -19.34397  CMS         AT    3.000 SEC                    
INITIAL VELOCITY  =    12.08807  CMS/SEC        INITIAL DISP. =      .74222  CMS
IMPERIAL VALLEY EARTHQUAKE   MAY 18, 1940 - 2037 PST                            
                                                                                
IIA001  40.001.0   EL CENTRO SITE IMPERIAL VALLEY IRRIGATION DISTRICT   COMP S90
W                                                                               
    2    1    1    1   40    1    0    4  117   32   47   43 -115   32   55   32
   44    0 -115   27    0    5   18 1940 2037    0  270 1105   26   50    0    0
    0    0    0    0    0    0    0    0    0    0    0    0    0    0    0    0
    0    0 1105 1105 2674    2   10   10    1    0   52   81   10   10    2 1337
    5  535    0    0    0    0    0    0    0    0    0    0    0    0    0    0
    0    0    0    0    0    0    0    0    0    0    0    0    0    0    0    0
    0    0    0    0
      .100      .528    53.470      .413      .100      .000      .000      .000
      .000      .000      .000      .000      .000      .000      .000      .000
      .000      .000      .000      .000      .000      .000      .000      .000
      .000      .000      .000      .000      .000      .000      .000      .000
      .000      .000      .000      .000      .000      .000      .000      .000
      .000      .000      .000      .000      .000      .000      .000      .000
      .000      .000     1.000    98.066      .010    53.469    62.832     1.000
     1.000    27.000     2.000    53.460      .020      .070      .020      .000
    11.440   210.142     2.140   -36.929     3.000   -19.344    12.088      .070
    25.000      .200      .200      .742     2.160   -36.485     3.000   -19.344
      .000      .000      .000      .000      .000      .000      .000      .000
      .000      .000      .000      .000      .000      .000      .000      .000
      .000      .000      .000      .000
  2674 POINTS OF ACC DATA EQUALLY SPACED AT   .020 SEC.
    -5.991    -1.857    -6.800    -2.894    -2.879    -5.363    -8.282    -5.292
    -1.408    -5.309   -13.421   -12.403    -6.593    -6.063   -13.264    -4.933
    -9.635   -18.821   -24.252   -13.326    -4.551     8.091    15.582     8.521
     3.140    -3.975    -8.532   -13.232   -17.980   -16.144    -2.273    -2.506
    -8.022    -7.679   -11.024   -13.065    -8.065    -1.341    15.093    32.989
    53.202    64.638    52.524    41.543    40.079    51.516    56.899    57.229
    52.841    49.736    49.758    54.997    49.235    43.122    36.187    27.966
    20.398    14.679    21.267     4.670   -21.454   -47.891   -58.010   -18.770
    12.162    53.780    96.855   110.011   105.938   106.965    99.933    93.628
   112.756   146.891   121.266   109.898    85.817    63.606    38.019    15.523
   -10.653   -33.786   -59.925   -83.455  -109.207  -132.484  -148.525  -119.145
  -110.523  -100.331  -107.850   -82.394   -36.864    22.533   148.085   178.650
   158.943   169.332   152.110   144.646   134.769   126.495   117.943   108.808
    99.737    76.396    59.478     9.479   -54.244  -105.885   -77.020   -58.523
   -24.673    12.808    67.528    82.571    52.145    29.994    -7.358   -44.707
   -85.204  -111.808   -92.167   -77.492   -54.427   -15.635    18.341    61.232
    70.009    31.770     3.772   -28.441   -59.392   -91.904  -110.866   -65.070
   -27.027    15.104   -14.441   -33.037   -77.172  -118.108  -159.176  -178.010
  -148.651  -118.328   -78.750   -32.631   -35.074   -52.886   -68.981   -71.072
   -66.309   -62.092   -54.160   -52.107   -63.424   -69.783   -81.036   -43.061
     5.457    45.891    20.624      .712   -26.025   -48.555   -76.389   -87.848
   -61.069   -35.063   -19.802   -42.919   -57.915   -86.432   -94.638   -41.405
     5.852    51.065    92.599    95.306    93.369    88.808    86.089    74.008
    62.418    50.085    37.628    23.988    12.503    -1.466    17.119    42.148
    71.070    64.258    27.700     6.461   -16.923    22.970    59.027    57.038
     6.483   -14.710   -20.502   -20.868   -43.866   -50.929   -48.222   156.313
    98.483   107.411    67.328    25.560   -26.062   -61.460  -102.234  -109.288
   -95.437   -87.455   -66.096   -52.314   -67.561  -107.916   -77.000   -86.909
   -59.201   -64.460   108.264    92.974   106.828   117.010   103.509   101.092
   153.216   124.472   111.719    87.435    61.266    25.814    -2.364   -43.791
   -69.444   -70.805   -68.981   -67.321   -62.293   -79.386   -62.988   -52.546
   -46.309   -53.322   -62.264   -51.733   -20.610     6.707    13.195    -4.904
   -53.584  -100.219   -32.294    18.098   -11.737   -46.116   -71.596  -106.091
  -121.644  -110.035   -52.844    -1.723    -4.581    14.047    10.744    33.840
    78.004    99.994    99.048    93.107    68.269    44.081    21.101    -1.725
   -19.820   -57.828   -53.071    -8.414     7.432    40.300    53.259    49.788
    30.114    10.595    44.402    79.211    47.104    41.437    13.774    -9.804
   -32.338     -.986    28.670    40.476    23.496    16.737    -6.659   -23.664
   -40.470   -33.877   -13.414     4.771    27.106    43.899    12.463   -11.845
   -47.241   -63.741   -21.189     6.448    42.020    66.066    55.847    49.951
    35.269    17.258      .453   -16.083   -13.223   -13.982   -11.688   -30.987
   -28.846   -15.371    -8.475     7.646    18.072    36.600    29.085     1.284
   -27.408   -24.462   -10.926    -9.238    10.340    24.019    40.748    52.638
    49.376    71.914    52.303    25.999   -13.146   -69.298   -87.277   -61.649
   -41.919     9.105    54.872    92.878    85.317    57.788    39.642    65.764
    71.836    34.141     4.250   -26.191   -56.667   -80.134   -96.102   -85.629
   -66.149   -49.778   -28.428   -11.325    17.509    47.595    73.846    51.664
    36.928    11.283    24.872    31.693    47.127    38.868    23.192     2.664
   -22.642   -49.264   -63.237   -45.983   -35.273   -19.948    -6.292    12.543
    29.884    38.776    31.994    17.967    22.918    36.401    46.172    57.830
    69.037    75.892    58.347    43.443    36.705    63.192    66.181    52.511
    35.258    22.605    -5.057    18.793    42.654    14.922    12.261    -7.948
   -24.114     -.154    24.321    47.687    75.172   100.052   127.771    95.959
    27.802   -41.945   -98.930   -78.971  -113.772  -122.252  -111.738   -40.884
   -65.261   -53.195   -84.720     -.116    23.411    13.388    33.725    33.103
    19.387   -16.047   -47.381   -60.240   -31.547   -20.461    -7.046   -38.879
   -83.616   -99.587  -107.157  -109.819   -78.730   -71.348   -74.071   -74.427
   -77.663   -84.084   -85.182   -90.804   -22.122    -5.206   -13.907    -7.265
   -18.188   -22.371   -31.484   -28.494    -6.395    10.757    36.048    46.113
    34.330    34.271    27.817    27.255    63.960    93.527    74.294    48.483
     5.048   -35.118   -45.999    -8.883    33.200    63.680   102.204    72.829
    47.377   -11.879   -32.583   -25.302   -14.380   -16.130   -26.228   -37.681
   -30.534     2.244    30.674    69.960    82.980    93.785    41.638    54.067
    97.967    41.535    -9.539   -60.577   -96.185   -98.844   -45.057     2.051
    37.411     8.084    -8.796   -36.278   -74.625   -46.792    38.511     3.482
    24.354     3.493    23.765    42.725    28.052    24.261    13.799     2.055
    -4.594     8.900    22.287    41.818    64.343    47.121    10.857   -32.024
   -60.654   -12.511   -17.386    27.957    -3.956   -29.674   -50.481   -42.437
    -9.349    22.181    35.178     6.247   -26.693   -79.058   -70.908   -51.905
   -31.804    -7.246    14.233    58.447   100.797   138.362   132.560   117.459
    70.681    63.017    75.232    57.392    30.325     6.585   -38.543   -84.223
  -123.040  -144.232  -170.151  -189.860  -210.142  -198.360  -182.649  -165.181
  -144.723  -123.016  -116.976  -120.170   -71.387   -38.455     8.534    49.920
    93.156   134.256   165.570    85.087    45.350     2.759   -48.783   -39.384
    -6.973    40.557   102.516   119.709   137.246   138.549   144.532   111.515
    78.281    36.231    24.577    54.369    69.833    92.017    96.556    83.423
    72.363    56.769    41.076    25.900     3.668   -22.633   -41.335   -55.645
   -73.336   -61.702   -36.105   -30.938   -25.184    -9.247     4.615    18.789
    20.991    24.478    25.103    27.251    21.033     6.716    -7.655   -20.179
   -12.538    -4.965     3.110    12.642   -41.631   -70.020   -56.827   -55.886
   -42.238   -32.693   -20.295   -13.042   -12.506    -8.915    11.506     6.800
    -9.707     6.325    16.775    42.575    29.791     9.560    -9.433   -39.259
   -40.535   -20.224    -5.028    25.718    37.734    30.716    26.392    16.815
     7.810    -4.547   -18.123    -3.629    13.770    29.022    48.833    40.796
    23.859     6.080     -.470    15.928    26.409    39.832    29.137    23.651
     9.930    -3.073   -16.712   -30.827   -42.969   -59.369   -53.657   -17.509
     4.377    24.420    42.819   -31.393   -50.494   -23.702   -26.523    15.733
    34.178    22.336    25.591    38.588    36.137    -2.004   -39.345   -73.761
  -102.758  -109.961   -56.612   -25.475    14.868    37.925    18.083     4.802
   -25.069   -21.149     2.088    20.699    49.576    68.284    42.958    14.655
    -1.998   -29.925   -72.458   -92.768    -5.541    56.849    81.937    68.846
    45.983    17.837   -11.851   -37.644   -59.566   -51.771   -20.515    -5.829
    42.222    39.108    33.858    50.100    37.687    31.036    27.403    35.772
    32.919    16.817    -3.500   -22.915   -66.639   -75.408   -43.859   -23.316
      .680    29.268    49.431    31.496    22.575     4.145    -6.873     3.470
    17.574    16.968     4.714    -7.588   -33.549   -42.870   -30.858   -23.482
    -7.091    -9.555   -37.799   -45.923   -50.146   -36.627   -30.299   -17.963
   -22.452   -22.443   -27.299   -23.794   -16.034    -9.688    -3.632     3.459
     2.108    -4.418   -18.597   -36.448   -46.162   -57.276   -70.658   -61.012
   -24.893    -7.450    -5.701    -4.963    -6.444     1.684    30.211    54.775
    48.969    47.110    33.778    22.324     7.587    -3.730   -18.708   -28.857
   -41.640   -49.412   -63.571   -48.516   -24.041    -6.238    22.070    24.814
   -10.166     6.927    16.316    29.221    44.215    53.499    37.173    17.852
    -5.516   -35.274   -41.463   -33.148   -30.386   -18.954   -12.229    -1.510
     5.050    20.667    29.805    35.879    43.854    48.304    44.774    42.236
    37.665    32.681    27.213    22.456    16.528    12.508    11.465    12.178
    11.320    11.834      .275    -8.154   -25.667   -36.709   -52.375    11.134
    30.593    26.484    32.092    15.941     4.991    -8.769    -1.583     4.422
    15.271    22.977    17.770    15.054     9.062     3.763    -2.610    -5.673
      .437     5.755    12.164     7.030   -22.076   -45.978   -80.496   -83.065
   -46.228   -22.814     9.146    34.524    59.069    77.923    85.282    74.034
    64.557    63.033    57.727    39.002    24.835    12.534    18.403    13.410
     2.825   -18.725   -16.839    -3.723     6.939     8.065     -.838    -3.682
   -11.857   -17.505   -24.548   -30.271   -36.737   -41.469   -39.019   -36.146
   -33.450   -25.995   -14.128    -2.235    10.196    18.794     7.303    -5.765
   -28.334   -30.095   -14.753    -3.292    17.315    24.298    22.604    20.634
    14.587      .497   -13.368   -27.561   -43.089   -48.413   -54.591   -57.569
   -64.002   -50.301   -23.014     -.809    27.967    53.311    81.293    94.090
    76.061    62.905    36.246     7.053    -5.556    -3.965    -6.903    -5.455
    -7.113     7.956     9.134    10.347    25.786    36.423    48.114    54.389
    31.666     9.446     -.487     6.177    10.701    21.340     5.729    -5.720
   -20.014   -31.093   -44.185   -45.019   -50.292   -53.629   -45.955   -33.783
   -23.247    -8.083     5.390    20.170    31.813    44.774    56.706    65.164
    52.374    41.369    25.087     8.690   -10.728   -29.859   -48.237   -67.092
   -71.504   -48.875   -37.144   -16.451     4.917    25.170    53.107    65.154
    43.154    30.823     9.432    -5.113   -24.231   -39.115   -55.082   -41.192
   -26.196    -5.808    13.614    28.710    31.697    25.700    14.575      .676
   -17.495   -39.835   -56.529   -72.230   -81.181   -78.442   -84.296   -68.023
   -51.124   -34.020   -14.737     3.331    22.842    40.965    57.949    38.607
    45.346    57.057    66.759    79.035    94.832    91.189    63.390    26.189
   -23.868   -84.708   -91.255   -73.546   -61.462   -36.336   -15.093    11.797
    31.850    21.714    16.587     5.094     8.554     9.868    16.421     2.796
   -17.587   -38.613   -46.282   -36.204   -28.408   -16.014    -1.509    14.505
    30.041    46.635    57.805    50.262    45.276    36.709    27.335    21.796
    34.532    36.622    47.274    49.136    29.903    11.150    -8.134   -30.806
   -21.232    -2.473    13.773    37.950    45.919    33.936    24.451     7.887
    -7.402   -22.412   -33.842   -41.289   -28.384   -26.979   -18.909   -13.325
    -6.723     -.195     9.353    17.878    27.476    35.757    27.845    16.292
     5.421    -9.500   -16.565   -20.134   -30.164   -36.986   -45.410   -35.416
   -21.705    -7.293     6.648    -5.176   -16.680   -29.341   -47.734   -33.531
     -.111    13.352    37.915    65.835    67.252    32.915    16.460   -14.768
   -42.773   -71.126   -51.936   -35.641    -5.095    43.583    51.352    46.880
    40.156    22.284    10.705    -3.551   -15.685   -27.738   -18.906   -11.565
     -.234    10.917    24.132    34.012    47.671    38.469    19.615     8.495
    -8.547   -20.259   -35.403   -41.604   -34.747   -26.721   -13.862     -.851
    13.060    29.269    31.785    19.818    13.888     3.356    -6.395    -7.865
     1.080    -5.257   -11.571   -19.539   -18.566   -13.876   -17.100   -20.797
   -14.604    -8.452    -1.323     6.618    14.498    22.915    31.277    40.108
    47.930    58.766    67.578    54.838    41.285    20.654      .522   -22.043
   -45.881   -67.986   -93.254   -92.464   -79.694   -64.712   -37.085   -15.324
    14.305    28.964     1.591   -24.295   -48.409   -72.782   -43.709   -15.205
    18.837    50.765    83.003    76.707    61.849    46.834    26.296    -2.299
   -38.447   -71.413   -99.064   -68.376    17.883    75.736    58.434    51.700
    29.324     6.842   -14.952   -39.321   -61.541   -86.928   -82.252   -61.725
   -46.168   -20.703     7.562    34.367    58.611    84.562   108.099   117.644
    98.918    85.506    65.595    46.481    25.724     4.656   -16.561   -37.874
   -59.314   -79.226   -96.244  -114.686  -131.034  -148.671  -135.781  -113.325
   -90.511   -56.632   -26.620     7.010    43.858    72.944    45.999    15.659
   -20.316   -57.052   -90.538   -62.826   -30.777     7.029    41.408    25.922
    17.061    -5.535   -29.351   -51.457   -76.490   -87.192   -72.808   -63.009
   -43.214   -19.133     3.583    27.672    31.727    33.861    36.609    40.957
    39.494    41.808    -8.865   -48.877   -95.546  -114.954   -89.220   -69.964
   -39.152    -8.044    28.951    59.976    51.530    49.217    39.982    30.759
    20.024    12.265     4.189    16.274    45.256    69.774    85.237    88.926
    82.931    71.736    52.928    23.774     1.310   -11.883   -25.378   -35.083
   -40.737   -46.666   -43.742   -22.122    -2.194    19.756    44.743    35.641
    14.370    -6.635   -35.052   -60.877   -58.792   -44.114   -32.819   -13.601
     1.399    19.251    20.867    14.719    19.216    16.835    10.152     2.361
    -6.237   -15.645   -14.271   -13.120    -9.603    -6.454    -1.487    -5.930
   -17.888   -28.330   -34.814   -18.384    -6.899    13.076    31.598    54.048
    48.341    29.746    12.772    -6.660      .827     9.106    17.594    28.985
    40.096    48.975    43.865    35.016    24.686    16.011    10.105    18.791
    21.636    25.215    21.896    13.156    14.210    22.167    24.960    32.646
    37.825    32.968    28.857    25.407    22.032    18.823    15.760    13.207
    12.068    10.367     6.955     3.260     1.645    -1.248     1.993     9.256
    14.663    23.783    24.423    18.449    16.576    11.945     7.082     2.106
     -.346    10.177    17.423    27.725    16.862     4.184   -15.800   -16.356
    -1.944     4.229    15.448    25.131    35.235    28.026    18.081     2.036
   -10.212   -21.145   -28.031   -13.240    -8.908     -.598     4.952     9.768
     7.941     2.097    -1.041     8.841    15.732    21.411    15.859     3.325
   -10.375   -22.953   -28.558   -23.161   -13.322     -.605    12.134    24.608
    25.084    19.182    13.966     6.535     -.235    -7.623   -14.174   -21.988
   -24.428   -17.182   -11.098    -3.563     5.004    10.385    16.639    12.579
     2.532    -5.817    -5.684      .044     1.689     1.133      .127    -4.166
   -16.877   -21.195   -28.959   -21.118    -4.665     7.458    12.376     3.725
    -6.762   -18.462   -28.364   -38.983   -43.573   -40.991   -34.341   -28.084
   -19.953   -12.927    -6.313      .179     5.805     6.892     9.977    11.295
    15.138    18.647    19.726    20.330    22.727    16.374     4.734    -4.615
   -14.671   -24.786   -26.213   -23.503   -24.290   -27.799   -31.310   -33.198
   -23.383   -14.297    -6.861     1.189    12.419    22.506    33.326    33.267
    30.708    23.565    15.993     8.090     5.356     2.463    -1.113    -4.644
    -8.264   -11.329   -12.695    -9.765    -5.748    -1.451     4.289     9.306
    14.994    20.148    25.365    30.552    34.982    37.150    33.994    18.957
     7.111    -7.336   -21.388   -32.370   -26.508   -24.447   -18.744   -13.428
    -7.528    -2.742    -3.918    -6.325    -3.044      .075     4.304     5.957
     3.294     1.326      .069     6.052     8.570    10.668    12.646    14.732
    11.950     7.083     2.520    -2.464    -3.203    -4.239    -7.271   -11.349
   -15.358   -19.582   -24.347   -21.389   -14.421    -8.382    -2.154    -7.735
   -11.092   -17.433   -19.223   -12.713    -8.283     -.680     3.800     2.839
     1.112     7.398    17.629    25.171    19.985    17.005     9.819     3.205
    -4.228   -11.110   -17.673   -12.489    -7.698    -1.265     5.337     7.835
     9.096    10.881    10.976    10.916     7.085      .820    -4.446   -11.781
   -12.878    -7.158    -2.929     3.530     9.712    14.283    13.706    14.319
    13.539    11.669     3.818    -2.082   -10.899   -11.519    -5.767    -1.853
     4.674     5.756     6.725     7.165     7.111     5.285     2.767     5.279
    10.399    14.689    19.769    15.436    12.355     7.218     4.386     3.464
     2.486      .525    -2.613    -4.156    -5.024    -7.574   -11.545   -15.986
   -13.725    -7.817    -2.939     3.547     5.169     8.219    11.769    13.275
    12.338    12.627    13.418    11.342     5.805     1.307    -4.644    -9.949
   -15.996   -20.432   -23.333   -24.181   -20.959   -16.764   -11.867    -7.093
    -4.866    -2.960    -4.177    -6.119    -5.342    -1.683     1.114     5.179
     8.865    11.313     9.226     4.544    -1.054    -6.820   -12.100    -7.148
    -3.857     1.245     2.286     2.162      .111    -2.528    -4.011      .894
     4.518     9.785    14.748    19.432    16.515    14.353    11.054     8.511
     5.719     2.314    -1.653    -5.448    -8.644    -9.883   -11.794   -12.975
   -14.882   -14.145   -10.104    -6.293    -1.520     2.271     4.814     7.535
     9.818    10.707    11.064     8.065     1.742    -4.665    -8.882    -8.822
    -7.544    -5.275    -5.288    -7.209    -3.731     -.671     1.865     3.437
     5.542     7.448     7.894     5.104     4.472     4.465     5.191     1.640
    -5.555    -7.505    -8.875   -10.350   -10.906   -11.797    -9.586    -6.613
    -3.657     -.868    -2.514    -3.351    -5.278    -6.396    -6.833    -5.273
      .634     6.141    10.406    10.324     8.130     3.394     -.939    -5.940
    -9.766   -10.363    -8.922    -5.283    -3.313    -3.046    -2.499    -2.163
     1.438     4.616     8.281    12.280    14.172     9.516     6.217      .949
    -1.867    -2.873    -4.394    -5.022    -6.165    -5.655    -3.884    -1.301
     2.309     5.581     9.373    12.056    10.431     8.488     2.618    -2.839
    -8.990   -14.247   -16.522   -16.439   -14.305   -12.463    -9.921    -6.953
    -2.520     1.199     4.756     2.342     1.454     1.127      .060     -.534
     -.390      .724     1.152     -.093    -1.165    -2.621    -3.640    -2.458
    -1.031      .920     2.891     5.032     6.650     7.048     7.272     6.719
     6.392     5.708     5.803     7.447     8.802    10.638    11.795    11.414
    10.328     9.016     7.593     6.459     7.229     8.224     9.394    10.710
    12.071    13.072    12.371    11.867    11.085    10.350     8.078     4.248
      .982    -7.198   -11.922   -13.588   -13.343   -12.134   -10.855    -9.168
    -7.478    -4.030    -1.437     2.488     1.288    -3.523    -6.930   -12.612
   -14.509   -11.351    -9.233    -7.826    -6.262    -5.456    -7.356    -8.681
   -10.636   -10.675   -10.260   -10.640   -11.461   -12.138   -12.615   -11.492
   -10.265    -7.903    -5.766    -3.382     -.906      .649    -2.671    -6.365
   -11.037   -15.487   -14.773   -13.434   -11.914    -9.651    -7.673    -5.645
    -5.915    -6.277    -6.824    -7.603    -8.252    -9.114    -9.014    -5.831
    -2.865     -.972     -.276     1.251     2.075     3.501     3.273     1.216
     -.379     -.860    -1.724    -1.112      .419     1.633     3.327     4.751
     6.537     6.439     4.911     3.485    -1.102    -2.808    -5.242    -5.447
    -4.378    -3.434    -3.057    -3.650    -3.678    -2.455    -1.023      .291
     1.222     1.945     4.553     8.244    10.771    10.072     7.796     5.260
     2.214     -.686    -3.155    -3.822    -2.929    -2.333    -1.191    -2.016
    -3.483    -2.737    -1.326     -.161     1.669     2.529     2.036     1.595
     1.016      .165      .980     2.421     3.891     4.990     4.654     2.246
    -1.684    -5.283    -9.593   -13.228   -14.621   -13.045   -10.873    -8.328
    -6.337    -7.097    -7.401    -7.888    -4.526    -1.644     1.808     5.598
     7.639     7.685     8.335     8.148     7.583     7.172     8.468     9.248
    10.556    11.640    12.800    13.936    14.435    13.085    12.223    10.660
    10.153    11.885    13.413    15.330    17.245    16.976    15.737    12.556
     9.389     6.025     3.256      .250    -2.035    -2.603    -2.162    -1.560
     -.805      .643     3.099     5.431     7.148     5.872     4.758     2.792
      .964    -1.473    -3.672    -6.016    -5.806    -4.965    -5.641    -6.517
    -7.461    -8.109    -7.355    -6.899    -6.056    -5.316    -4.428    -4.116
    -5.274    -6.217    -7.318    -6.409    -5.741    -4.583    -4.290    -5.833
    -7.203    -8.251    -8.057    -8.245    -7.889    -7.872    -5.627    -2.377
      .643     4.040     5.702     7.535     9.179    10.001     8.792     8.100
     6.379     3.709     1.060     -.188    -1.182    -2.150    -3.787    -5.720
    -7.620    -9.004    -8.096    -7.164    -5.731    -4.408    -1.601      .172
     1.263     2.694     3.751     4.978     5.478     4.660     3.912     -.147
    -4.209    -8.031    -8.531    -9.545    -9.824   -10.195   -10.197    -9.630
    -9.028    -8.484    -8.880    -9.382   -10.250   -11.401   -12.434   -13.619
   -14.619   -15.062   -13.461   -12.090   -10.700    -9.454    -8.103    -6.871
    -5.273    -3.981    -2.262    -2.061    -2.818    -3.428    -2.832    -1.433
     -.565      .536     1.554     1.607     1.142      .832      .021     -.606
    -1.263     -.059     1.038     2.483     3.359     3.386     3.869     5.322
     6.607     8.187     9.468    10.814    11.219    10.933    10.828    10.608
    11.979    13.325    14.766    16.513    16.891    15.789    13.334     9.726
     6.446     2.600     -.029    -2.485    -3.425    -2.937    -2.588    -1.771
    -1.837    -3.072    -3.792    -4.840    -5.816    -6.664    -6.049    -5.090
    -2.663     -.459     2.017     3.306     4.783     6.008     7.223     8.478
     9.110     8.317     7.862     7.129     8.150     9.465    11.224    12.971
    14.613    13.401    12.217    10.710     9.013     7.331     5.861     6.769
     7.832     8.453     6.746     5.405     3.488     2.034     3.839     5.550
     8.032    10.373    12.025    12.992    11.945    10.203     6.162     2.533
    -1.726    -5.028    -6.165    -5.155    -4.223    -2.431     -.278      .283
     -.196      .250     1.765     3.330     4.512     4.389     4.497     4.251
     4.025     3.882     5.282     6.645     8.220     9.686     8.947     8.192
     7.122     6.768     8.662    10.086    12.158    13.424    14.624    15.740
    16.756    17.454    18.139    17.620    17.050    16.457    15.249    12.478
     9.970     7.087     4.313     2.641     1.287     -.215    -1.525    -3.068
    -3.189    -2.393    -2.056     -.060     2.975     4.949     6.831     7.229
     5.970     4.685     4.080     3.560     3.149     2.459      .627    -1.010
    -2.867    -4.495    -6.376    -7.140    -6.628    -6.426    -5.929    -7.622
    -9.128    -9.854   -10.648   -11.212    -9.499    -7.577    -5.554    -3.162
    -1.766    -1.173     -.926    -1.201     -.542      .387     1.289     2.331
     3.409     4.573     6.227     6.377     5.130     3.588     1.525     -.352
    -1.269    -1.083     -.808     -.325     -.380     -.491     -.649     -.866
     -.884     -.272      .095      .752     -.525    -2.260    -4.088    -5.576
    -5.898    -6.422    -6.729    -6.651    -5.722    -4.894    -3.895    -2.900
    -3.235    -3.892    -4.536    -5.439    -6.230    -7.131    -7.726    -8.020
    -8.622    -9.882   -10.273    -9.332    -8.487    -7.994    -9.359   -10.430
   -11.971   -13.184   -11.957   -11.016    -9.709    -9.430    -9.314    -9.224
    -9.045    -8.867    -8.929    -9.547    -9.929   -10.597   -10.034    -9.266
    -8.398    -7.657    -7.248    -6.802    -6.439    -6.422    -6.746    -6.120
    -3.881    -2.021      .432     1.776     2.512     3.485     3.685     2.753
     1.962      .820     -.852    -3.045    -6.623    -9.873   -13.455   -14.815
   -16.212   -17.288   -18.089   -15.776   -13.607   -10.867    -8.825    -8.432
    -7.865    -7.572    -7.430    -6.197    -4.354    -3.017    -2.938    -2.877
    -2.458    -1.879    -1.307    -1.569    -1.999    -2.504    -1.510      .222
     1.766     3.650     4.660     5.786     6.747     7.684     8.643     8.970
     8.888     8.607     8.150     7.792     8.118     8.479     8.952     9.073
     7.021     5.213     3.358     1.930      .395      .251      .644      .252
     -.676    -1.479     -.835      .065     1.033     2.211     3.584     4.913
     6.207     5.805     5.513     4.870     4.403     2.610     -.288    -2.497
    -3.498    -4.654    -5.620    -7.200    -8.452   -10.234   -10.363    -9.531
    -8.707    -8.354    -9.437   -10.570    -9.172    -6.374    -3.925     -.798
     2.173     2.901     2.124     1.520      .577     2.433     3.742     5.792
     6.491     4.654     3.756     3.208     2.582     2.215     3.078     3.966
     4.918     6.112     6.402     5.278     4.793     3.737     3.524     4.594
     4.387     3.391     2.655     1.516      .506     -.633    -1.350    -1.048
     -.923     -.475      .319     1.090     1.441     1.797     2.109     2.358
     2.730     3.608     4.623     5.555     7.157     8.351    10.081    10.006
     8.913     4.654     6.912    12.976    17.835    23.327    22.026    22.478
    19.624    13.056     6.393     -.247    -8.263    -7.982    -3.824    -5.929
     -.659     5.010    10.589    16.005    16.109    14.067    12.013     9.207
     6.403     8.385     7.911     -.124    -5.121   -14.058   -13.257    -5.114
     1.072     9.437     4.857      .808    -5.001   -10.106   -11.220   -13.635
   -10.969    -6.039    -2.180    -5.026    -6.924    -7.016    -8.204    -8.603
    -9.802   -13.647   -13.089    -8.732    -4.800    -2.207    -3.310    -3.298
    -4.798    -4.741    -4.147    -3.634    -2.983    -4.379    -5.629    -7.349
    -7.980    -7.786    -7.765    -8.125    -9.639   -10.861   -11.996   -10.955
    -9.813    -8.251    -5.442    -2.043     1.360     3.778     1.353     -.597
    -1.589     1.065     2.996     5.214     4.460     5.570     5.489     4.605
     4.169     3.290     3.196     3.070     2.477    -2.544     -.932     2.096
     3.290     3.989     4.076     3.005     2.328     1.330      .522     -.419
    -1.279    -2.168    -3.116    -2.726    -1.157     -.883    -1.147    -1.408
    -1.836    -2.315    -3.017    -4.527    -5.739    -7.435    -7.482    -6.379
    -5.689    -4.385    -3.333    -2.118    -2.174    -2.618    -2.460    -1.551
     1.329     5.424     9.033    13.503    11.946     7.794     4.581     -.848
    -1.249     1.218     2.822     5.650     5.069     4.852     3.975     3.629
     4.277     4.153
  2674 POINTS OF VEL DATA EQUALLY SPACED AT   .020 SEC.
   -12.088   -12.165   -12.249   -12.344   -12.400   -12.481   -12.615   -12.749
   -12.814   -12.880   -13.067   -13.323   -13.511   -13.635   -13.826   -14.006
   -14.150   -14.432   -14.861   -15.234   -15.413   -15.375   -15.136   -14.893
   -14.774   -14.780   -14.902   -15.118   -15.427   -15.766   -15.950   -15.995
   -16.098   -16.252   -16.437   -16.675   -16.884   -16.975   -16.835   -16.351
   -15.490   -14.308   -13.134   -12.190   -11.371   -10.452    -9.365    -8.221
    -7.118    -6.089    -5.094    -4.043    -2.998    -2.071    -1.275     -.630
     -.144      .210      .573      .835      .667     -.023    -1.078    -1.843
    -1.906    -1.243      .267     2.339     4.502     6.634     8.703    10.642
    12.709    15.309    17.994    20.310    22.270    23.768    24.788    25.327
    25.375    24.935    24.001    22.571    20.648    18.235    15.429    12.756
    10.463     8.358     6.276     4.377     3.189     3.049     4.759     8.031
    11.410    14.697    17.915    20.887    23.681    26.297    28.746    31.017
    33.107    34.872    36.235    36.929    36.485    34.888    33.059    31.707
    30.880    30.765    31.573    33.078    34.429    35.255    35.485    34.969
    33.669    31.704    29.668    27.976    26.661    25.965    25.996    26.796
    28.113    29.135    29.490    29.248    28.374    26.865    24.842    23.087
    22.170    22.055    22.066    21.596    20.494    18.545    15.777    12.410
     9.147     6.482     4.516     3.406     2.734     1.858      .640     -.756
    -2.126    -3.405    -4.563    -5.621    -6.772    -8.100    -9.603   -10.840
   -11.216   -10.698   -10.028    -9.811   -10.059   -10.800   -12.045   -13.683
   -15.168   -16.125   -16.673   -17.296   -18.300   -19.739   -21.545   -22.901
   -23.252   -22.678   -21.237   -19.354   -17.467   -15.641   -13.887   -12.282
   -10.913    -9.783    -8.902    -8.281    -7.912    -7.797    -7.640    -7.043
    -5.907    -4.549    -3.625    -3.279    -3.379    -3.314    -2.490    -1.325
     -.689     -.767    -1.115    -1.524    -2.167    -3.111    -4.098    -3.013
     -.460     1.603     3.350     4.283     4.283     3.412     1.779     -.332
    -2.375    -4.199    -5.731    -6.910    -8.109    -9.860   -11.705   -13.340
   -14.797   -16.029   -15.587   -13.570   -11.568    -9.326    -7.120    -5.070
    -2.523      .258     2.624     4.619     6.110     6.985     7.224     6.766
     5.634     4.235     2.841     1.482      .190    -1.223    -2.643    -3.795
    -4.779    -5.772    -6.928    -8.064    -8.784    -8.919    -8.716    -8.630
    -9.211   -10.745   -12.067   -12.205   -12.141   -12.716   -13.890   -15.663
   -17.937   -20.250   -21.876   -22.418   -22.477   -22.379   -22.131   -21.682
   -20.561   -18.777   -16.784   -14.859   -13.242   -12.115   -11.460   -11.263
   -11.479   -12.252   -13.358   -13.970   -13.977   -13.496   -12.558   -11.524
   -10.722   -10.312    -9.762    -8.523    -7.257    -6.369    -5.814    -5.772
    -6.191    -6.521    -6.241    -5.547    -4.908    -4.503    -4.399    -4.700
    -5.339    -6.080    -6.551    -6.634    -6.313    -5.601    -5.037    -5.029
    -5.618    -6.725    -7.572    -7.718    -7.231    -6.148    -4.926    -3.866
    -3.014    -2.487    -2.308    -2.462    -2.754    -3.024    -3.279    -3.704
    -4.300    -4.740    -4.979    -4.986    -4.727    -4.179    -3.520    -3.215
    -3.475    -3.992    -4.344    -4.544    -4.533    -4.189    -3.540    -2.605
    -1.583     -.369      .874     1.658     1.788      .965     -.601    -2.090
    -3.124    -3.452    -2.811    -1.333      .450     1.882     2.857     3.912
     5.288     6.348     6.733     6.514     5.686     4.318     2.556      .739
     -.778    -1.937    -2.719    -3.116    -3.054    -2.403    -1.189      .066
      .953     1.435     1.796     2.362     3.150     4.010     4.630     4.889
     4.689     3.969     2.844     1.752      .939      .386      .124      .186
      .609     1.295     2.002     2.501     2.909     3.502     4.327     5.367
     6.635     8.083     9.425    10.442    11.242    12.240    13.533    14.719
    15.595    16.173    16.348    16.484    17.097    17.672    17.942    17.984
    17.662    17.418    17.658    18.377    19.605    21.356    23.632    25.868
    27.104    26.961    25.550    23.769    21.840    19.478    17.138    15.610
    14.546    13.359    11.978    11.128    11.358    11.724    12.193    12.859
    13.384    13.415    12.778    11.700    10.779    10.257     9.979     9.517
     8.290     6.455     4.388     2.215      .327    -1.177    -2.634    -4.122
    -5.645    -7.266    -8.961   -10.724   -11.853   -12.130   -12.324   -12.539
   -12.797   -13.205   -13.747   -14.350   -14.702   -14.662   -14.194   -13.376
   -12.575   -11.892   -11.275   -10.728    -9.819    -8.248    -6.573    -5.349
    -4.814    -5.118    -5.933    -6.486    -6.247    -5.282    -3.627    -1.880
     -.682     -.331     -.776    -1.359    -1.760    -2.069    -2.497    -3.140
    -3.826    -4.113    -3.788    -2.786    -1.257      .506     1.856     2.809
     4.325     5.715     6.031     5.325     3.753     1.798      .359     -.076
      .314      .765      .753      .297     -.816    -2.035    -2.123    -1.708
    -1.429    -1.156     -.888     -.228      .475      .993     1.368     1.522
     1.492     1.530     1.841     2.477     3.534     4.643     5.218     5.001
     4.069     3.332     3.028     3.128     3.368     3.027     2.220     1.285
      .762      .885     1.453     1.862     1.652      .589     -.911    -2.144
    -2.987    -3.383    -3.319    -2.597    -1.011     1.375     4.079     6.574
     8.455     9.786    11.163    12.484    13.355    13.718    13.393    12.160
    10.081     7.403     4.259      .653    -3.353    -7.444   -11.260   -14.744
   -17.849   -20.532   -22.938   -25.315   -27.231   -28.335   -28.640   -28.061
   -26.637   -24.368   -21.376   -18.876   -17.577   -17.102   -17.562   -18.450
   -18.920   -18.590   -17.165   -14.949   -12.385    -9.633    -6.808    -4.254
    -2.356    -1.217     -.615      .168     1.404     3.017     4.896     6.690
     8.242     9.527    10.506    11.169    11.459    11.263    10.617     9.642
     8.346     6.989     6.005     5.329     4.767     4.417     4.365     4.593
     4.984     5.433     5.923     6.440     6.917     7.188     7.179     6.895
     6.561     6.380     6.356     6.507     6.211     5.089     3.814     2.681
     1.700      .945      .409      .070     -.192     -.412     -.392     -.215
     -.250     -.289     -.059      .529     1.247     1.635     1.630     1.137
      .334     -.280     -.538     -.337      .297      .976     1.542     1.968
     2.208     2.235     2.003     1.780     1.876     2.298     3.076     3.967
     4.608     4.902     4.952     5.102     5.519     6.176     6.860     7.383
     7.719     7.782     7.579     7.098     6.355     5.326     4.190     3.473
     3.337     3.619     4.292     4.401     3.577     2.830     2.322     2.209
     2.703     3.263     3.737     4.374     5.121     5.458     5.039     3.903
     2.133      .001    -1.669    -2.495    -2.606    -2.083    -1.523    -1.299
    -1.506    -1.973    -2.168    -1.945    -1.247     -.073     1.035     1.607
     1.733     1.410      .381    -1.275    -2.263    -1.754     -.370     1.133
     2.277     2.911     2.971     2.472     1.496      .378     -.348     -.616
     -.256      .553     1.279     2.115     2.992     3.676     4.257     4.885
     5.568     6.062     6.191     5.923     5.024     3.600     2.407     1.732
     1.502     1.799     2.582     3.388     3.926     4.189     4.159     4.122
     4.332     4.674     4.888     4.857     4.442     3.675     2.935     2.389
     2.080     1.910     1.437      .597     -.366    -1.237    -1.908    -2.394
    -2.800    -3.252    -3.752    -4.265    -4.664    -4.923    -5.058    -5.062
    -5.009    -5.034    -5.266    -5.819    -6.647    -7.684    -8.963   -10.282
   -11.142   -11.468   -11.601   -11.709   -11.825   -11.874   -11.557   -10.709
    -9.672    -8.712    -7.905    -7.345    -7.047    -7.010    -7.236    -7.713
    -8.419    -9.331   -10.461   -11.583   -12.309   -12.613   -12.455   -11.987
   -11.842   -11.875   -11.644   -11.189   -10.455    -9.478    -8.572    -8.022
    -7.899    -8.308    -9.076    -9.822   -10.458   -10.952   -11.264   -11.401
   -11.366   -11.109   -10.604    -9.947    -9.150    -8.228    -7.298    -6.428
    -5.629    -4.925    -4.326    -3.828    -3.438    -3.147    -2.907    -2.671
    -2.435    -2.203    -2.082    -2.160    -2.498    -3.120    -4.010    -4.422
    -4.004    -3.432    -2.846    -2.365    -2.155    -2.192    -2.294    -2.264
    -2.066    -1.683    -1.274     -.944     -.702     -.572     -.561     -.642
     -.693     -.629     -.448     -.255     -.403    -1.082    -2.345    -3.979
    -5.272    -5.961    -6.095    -5.656    -4.718    -3.346    -1.712     -.117
     1.271     2.549     3.757     4.726     5.367     5.743     6.055     6.376
     6.541     6.384     6.031     5.828     5.860     6.013     6.088     6.046
     5.894     5.603     5.185     4.640     3.973     3.194     2.389     1.640
      .948      .356     -.042     -.202     -.119      .174      .438      .457
      .116     -.465     -.910    -1.086     -.942     -.523     -.050      .386
      .742      .896      .768      .362     -.340    -1.251    -2.277    -3.395
    -4.607    -5.746    -6.475    -6.709    -6.438    -5.621    -4.270    -2.512
     -.806      .588     1.584     2.021     2.040     1.949     1.841     1.722
     1.600     1.614     1.789     1.988     2.354     2.981     3.831     4.861
     5.721     6.137     6.232     6.293     6.467     6.792     7.068     7.073
     6.821     6.314     5.562     4.675     3.727     2.693     1.702      .910
      .344      .036      .015      .275      .795     1.566     2.586     3.811
     4.991     5.934     6.604     6.947     6.932     6.532     5.751     4.603
     3.223     2.024     1.170      .639      .530      .836     1.624     2.812
     3.896     4.641     5.049     5.098     4.811     4.183     3.247     2.290
     1.621     1.307     1.385     1.814     2.424     3.004     3.413     3.571
     3.409     2.841     1.884      .602     -.932    -2.522    -4.144    -5.661
    -6.847    -7.692    -8.174    -8.282    -8.014    -7.370    -6.381    -5.409
    -4.563    -3.533    -2.289     -.825      .920     2.786     4.338     5.240
     5.263     4.183     2.430      .788     -.556    -1.528    -2.036    -2.063
    -1.620    -1.079     -.696     -.473     -.330     -.140      .129      .328
      .186     -.370    -1.213    -2.032    -2.678    -3.116    -3.285    -3.149
    -2.697    -1.924     -.874      .213     1.174     2.000     2.641     3.138
     3.708     4.425     5.270     6.240     7.037     7.453     7.490     7.106
     6.586     6.355     6.474     6.997     7.842     8.646     9.236     9.566
     9.577     9.284     8.722     7.976     7.286     6.738     6.285     5.968
     5.774     5.711     5.808     6.086     6.540     7.178     7.820     8.267
     8.490     8.455     8.200     7.839     7.341     6.676     5.852     5.049
     4.483     4.199     4.198     4.218     4.005     3.551     2.786     1.979
     1.642     1.780     2.298     3.341     4.677     5.684     6.183     6.206
     5.636     4.502     3.272     2.401     1.999     2.389     3.343     4.331
     5.206     5.836     6.171     6.248     6.055     5.626     5.165     4.865
     4.752     4.863     5.219     5.805     6.627     7.493     8.074     8.360
     8.364     8.081     7.529     6.763     6.004     5.394     4.993     4.851
     4.973     5.400     6.015     6.536     6.877     7.054     7.028     6.890
     6.826     6.789     6.620     6.313     5.936     5.616     5.310     4.935
     4.585     4.359     4.265     4.322     4.533     4.911     5.457     6.174
     7.058     8.129     9.396    10.624    11.589    12.212    12.424    12.212
    11.536    10.401     8.792     6.938     5.220     3.779     2.764     2.244
     2.233     2.669     2.978     2.753     2.029      .820     -.341     -.928
     -.888     -.189     1.148     2.748     4.136     5.225     5.959     6.202
     5.797     4.701     2.999     1.327      .822     1.760     3.104     4.208
     5.020     5.384     5.305     4.765     3.758     2.276      .584     -.854
    -1.931    -2.598    -2.728    -2.307    -1.375      .058     1.987     4.246
     6.411     8.257     9.769    10.892    11.615    11.920    11.802    11.259
    10.289     8.905     7.150     5.042     2.585     -.211    -3.054    -5.544
    -7.582    -9.052    -9.884   -10.079    -9.570    -8.402    -7.212    -6.595
    -6.641    -7.414    -8.890   -10.423   -11.358   -11.595   -11.111   -10.437
   -10.008    -9.892   -10.241   -11.049   -12.328   -13.965   -15.565   -16.923
   -17.985   -18.609   -18.765   -18.453   -17.859   -17.204   -16.499   -15.724
   -14.920   -14.107   -13.778   -14.356   -15.801   -17.907   -19.949   -21.542
   -22.634   -23.107   -22.898   -22.010   -20.895   -19.889   -18.998   -18.292
   -17.785   -17.463   -17.300   -17.096   -16.482   -15.333   -13.783   -12.043
   -10.326    -8.781    -7.536    -6.771    -6.521    -6.629    -7.003    -7.609
    -8.367    -9.243   -10.150   -10.810   -11.055   -10.882   -10.239    -9.437
    -8.939    -8.863    -9.280   -10.242   -11.441   -12.473   -13.244   -13.711
   -13.835   -13.631   -13.232   -12.879   -12.540   -12.182   -11.915   -11.792
   -11.834   -12.056   -12.357   -12.634   -12.864   -13.027   -13.107   -13.184
   -13.426   -13.891   -14.525   -15.060   -15.316   -15.258   -14.814   -13.961
   -12.937   -12.160   -11.738   -11.680   -11.742   -11.646   -11.383   -10.920
   -10.233    -9.346    -8.417    -7.632    -7.039    -6.636    -6.379    -6.093
    -5.693    -5.228    -4.761    -4.414    -4.140    -3.781    -3.314    -2.742
    -2.041    -1.337     -.723     -.184      .286      .690     1.036     1.321
     1.570     1.790     1.959     2.056     2.101     2.101     2.104     2.212
     2.451     2.831     3.308     3.733     4.078     4.359     4.544     4.632
     4.645     4.738     5.014     5.461     5.902     6.108     5.987     5.660
     5.472     5.490     5.682     6.083     6.687     7.314     7.771     7.967
     7.880     7.561     7.064     6.647     6.420     6.320     6.364     6.506
     6.677     6.773     6.778     6.851     7.091     7.458     7.825     8.012
     7.941     7.602     7.082     6.559     6.189     6.045     6.155     6.517
     7.008     7.446     7.777     7.977     8.034     7.950     7.727     7.359
     6.890     6.468     6.180     6.028     6.042     6.191     6.455     6.742
     6.888     6.849     6.729     6.667     6.678     6.701     6.714     6.668
     6.452     6.065     5.558     5.052     4.788     4.811     5.003     5.159
     5.128     4.870     4.397     3.717     2.886     2.035     1.276      .646
      .160     -.174     -.367     -.434     -.379     -.258     -.095      .112
      .371      .703     1.081     1.476     1.907     2.292     2.497     2.493
     2.295     1.894     1.379      .876      .393     -.134     -.725    -1.376
    -1.947    -2.329    -2.546    -2.609    -2.478    -2.134    -1.582     -.921
     -.281      .256      .646      .881     1.010     1.083     1.091     1.028
      .894      .692      .452      .222      .062     -.016      .008      .138
      .376      .722     1.172     1.726     2.381     3.097     3.803     4.328
     4.583     4.576     4.283     3.741     3.147     2.632     2.200     1.873
     1.659     1.551     1.480     1.372     1.274     1.239     1.278     1.375
     1.468     1.509     1.518     1.575     1.716     1.904     2.132     2.401
     2.663     2.849     2.945     2.941     2.880     2.801     2.681     2.490
     2.219     1.865     1.421      .959      .601      .368      .259      .155
     -.037     -.327     -.698    -1.021    -1.235    -1.329    -1.298    -1.236
    -1.200    -1.119     -.873     -.449     -.002      .364      .628      .755
      .744      .587      .296     -.010     -.215     -.309     -.272     -.144
      .022      .218      .436      .652      .828      .904      .864      .699
      .449      .245      .141      .143      .275      .512      .789     1.066
     1.342     1.591     1.742     1.757     1.624     1.396     1.224     1.145
     1.170     1.272     1.394     1.530     1.670     1.791     1.869     1.946
     2.103     2.352     2.694     3.043     3.319     3.512     3.626     3.702
     3.759     3.787     3.766     3.696     3.602     3.474     3.281     3.003
     2.704     2.487     2.377     2.381     2.468     2.601     2.799     3.047
     3.302     3.550     3.809     4.055     4.224     4.294     4.260     4.113
     3.852     3.487     3.048     2.571     2.119     1.740     1.453     1.262
     1.142     1.063      .991      .887      .771      .700      .693      .755
      .895     1.096     1.301     1.438     1.473     1.393     1.204     1.011
      .900      .873      .908      .952      .975      .950      .885      .853
      .907     1.050     1.295     1.637     1.996     2.305     2.559     2.755
     2.897     2.978     2.985     2.914     2.773     2.588     2.372     2.124
     1.846     1.556     1.314     1.151     1.073     1.081     1.153     1.277
     1.451     1.657     1.875     2.067     2.166     2.138     2.003     1.827
     1.664     1.537     1.433     1.309     1.199     1.156     1.170     1.224
     1.315     1.446     1.601     1.732     1.830     1.920     2.017     2.087
     2.049     1.920     1.758     1.568     1.357     1.132      .919      .759
      .656      .613      .581      .525      .441      .326      .196      .077
      .032      .102      .267      .477      .664      .782      .809      .742
      .587      .389      .198      .058     -.028     -.089     -.141     -.185
     -.190     -.127      .005      .213      .480      .720      .877      .952
      .946      .901      .832      .740      .632      .516      .424      .375
      .385      .467      .620      .838     1.066     1.258     1.372     1.373
     1.258     1.029      .722      .395      .092     -.173     -.393     -.558
     -.649     -.659     -.596     -.522     -.484     -.454     -.438     -.439
     -.445     -.438     -.415     -.401     -.410     -.444     -.507     -.564
     -.595     -.592     -.550     -.466     -.346     -.205     -.058      .086
      .217      .342      .462      .598      .765      .964     1.192     1.428
     1.650     1.847     2.013     2.158     2.299     2.458     2.639     2.844
     3.076     3.332     3.591     3.837     4.067     4.286     4.474     4.602
     4.659     4.601     4.414     4.164     3.899     3.649     3.419     3.223
     3.061     2.951     2.901     2.916     2.958     2.940     2.840     2.649
     2.378     2.124     1.923     1.757     1.621     1.508     1.385     1.229
     1.041      .832      .623      .418      .202     -.029     -.272     -.508
     -.721     -.898    -1.030    -1.117    -1.160    -1.158    -1.173    -1.259
    -1.428    -1.688    -1.986    -2.264    -2.512    -2.723    -2.896    -3.025
    -3.136    -3.253    -3.379    -3.519    -3.672    -3.841    -4.018    -4.161
    -4.248    -4.282    -4.290    -4.275    -4.237    -4.177    -4.104    -4.055
    -4.042    -4.049    -4.075    -4.099    -4.101    -4.076    -4.021    -3.936
    -3.818    -3.684    -3.566    -3.477    -3.453    -3.488    -3.564    -3.666
    -3.759    -3.833    -3.893    -3.956    -4.024    -4.081    -4.116    -4.119
    -4.099    -4.063    -3.993    -3.861    -3.666    -3.453    -3.270    -3.135
    -3.060    -3.040    -3.074    -3.140    -3.203    -3.251    -3.282    -3.309
    -3.360    -3.418    -3.458    -3.469    -3.450    -3.403    -3.353    -3.313
    -3.282    -3.266    -3.251    -3.212    -3.149    -3.056    -2.956    -2.883
    -2.873    -2.939    -3.083    -3.307    -3.582    -3.854    -4.093    -4.281
    -4.424    -4.555    -4.696    -4.845    -4.965    -5.023    -5.017    -4.939
    -4.807    -4.650    -4.486    -4.317    -4.156    -4.005    -3.845    -3.664
    -3.462    -3.236    -2.992    -2.721    -2.434    -2.155    -1.899    -1.666
    -1.455    -1.231     -.974     -.684     -.358     -.012      .318      .604
      .827      .984     1.080     1.119     1.104     1.061     1.013      .979
      .958      .960     1.000     1.089     1.217     1.351     1.460     1.538
     1.576     1.574     1.525     1.431     1.315     1.210     1.107      .988
      .851      .698      .543      .403      .276      .165      .070     -.013
     -.105     -.217     -.350     -.485     -.606     -.707     -.794     -.893
    -1.021    -1.174    -1.335    -1.496    -1.655    -1.810    -1.945    -2.023
    -2.039    -1.990    -1.891    -1.757    -1.588    -1.394    -1.204    -1.034
     -.889     -.786     -.737     -.727     -.739     -.771     -.829     -.922
    -1.054    -1.219    -1.390    -1.541    -1.669    -1.769    -1.828    -1.841
    -1.826    -1.785    -1.719    -1.631    -1.526    -1.424    -1.337    -1.299
    -1.341    -1.463    -1.628    -1.807    -2.000    -2.199    -2.403    -2.601
    -2.787    -2.962    -3.135    -3.317    -3.513    -3.729    -3.966    -4.226
    -4.509    -4.805    -5.090    -5.345    -5.573    -5.774    -5.950    -6.099
    -6.220    -6.313    -6.375    -6.419    -6.467    -6.530    -6.593    -6.635
    -6.655    -6.656    -6.635    -6.603    -6.576    -6.557    -6.548    -6.555
    -6.574    -6.587    -6.578    -6.543    -6.485    -6.418    -6.346    -6.254
    -6.136    -5.989    -5.813    -5.611    -5.391    -5.170    -4.953    -4.740
    -4.514    -4.262    -3.982    -3.670    -3.337    -3.011    -2.721    -2.491
    -2.331    -2.241    -2.216    -2.242    -2.302    -2.367    -2.424    -2.469
    -2.506    -2.557    -2.627    -2.714    -2.821    -2.947    -3.076    -3.189
    -3.268    -3.301    -3.287    -3.235    -3.156    -3.050    -2.917    -2.762
    -2.588    -2.416    -2.256    -2.108    -1.957    -1.783    -1.578    -1.338
    -1.062     -.784     -.530     -.303     -.107      .054      .184      .308
      .452      .612      .764      .883      .970     1.023     1.079     1.171
     1.304     1.486     1.707     1.955     2.205     2.423     2.584     2.669
     2.674     2.604     2.490     2.374     2.277     2.208     2.181     2.178
     2.176     2.174     2.191     2.240     2.315     2.401     2.487     2.572
     2.655     2.731     2.819     2.936     3.081     3.257     3.441     3.609
     3.759     3.895     4.049     4.234     4.453     4.705     4.983     5.283
     5.605     5.944     6.297     6.651     6.998     7.329     7.643     7.917
     8.138     8.305     8.416     8.482     8.518     8.525     8.508     8.458
     8.392     8.333     8.285     8.260     8.286     8.362     8.476     8.613
     8.745     8.848     8.932     9.005     9.068     9.121     9.148     9.141
     9.098     9.021     8.912     8.774     8.632     8.498     8.371     8.231
     8.060     7.867     7.658     7.436     7.229     7.054     6.919     6.828
     6.775     6.742     6.717     6.692     6.671     6.665     6.682     6.714
     6.768     6.844     6.948     7.070     7.182     7.265     7.312     7.320
     7.304     7.277     7.254     7.239     7.228     7.215     7.200     7.181
     7.160     7.144     7.142     7.147     7.145     7.114     7.046     6.946
     6.827     6.700     6.565     6.427     6.303     6.193     6.102     6.030
     5.965     5.889     5.801     5.698     5.577     5.440     5.291     5.130
     4.960     4.771     4.565     4.366     4.184     4.015     3.838     3.636
     3.412     3.157     2.901     2.668     2.457     2.262     2.071     1.881
     1.695     1.512     1.334     1.146      .947      .738      .528      .332
      .151     -.013     -.166     -.310     -.442     -.574     -.710     -.842
     -.946    -1.008    -1.028    -1.009     -.970     -.913     -.842     -.781
     -.737     -.713     -.717     -.759     -.859    -1.028    -1.264    -1.550
    -1.861    -2.199    -2.556    -2.898    -3.195    -3.443    -3.644    -3.820
    -3.986    -4.144    -4.294    -4.433    -4.542    -4.619    -4.681    -4.743
    -4.799    -4.846    -4.881    -4.913    -4.948    -4.997    -5.040    -5.056
    -5.039    -4.988    -4.907    -4.806    -4.684    -4.542    -4.379    -4.206
    -4.030    -3.858    -3.693    -3.537    -3.380    -3.217    -3.046    -2.868
    -2.707    -2.588    -2.505    -2.454    -2.434    -2.430    -2.424    -2.417
    -2.424    -2.448    -2.471    -2.482    -2.473    -2.443    -2.387    -2.305
    -2.196    -2.078    -1.968    -1.866    -1.774    -1.706    -1.685    -1.715
    -1.777    -1.861    -1.965    -2.096    -2.255    -2.444    -2.650    -2.851
    -3.035    -3.208    -3.387    -3.589    -3.789    -3.946    -4.051    -4.100
    -4.087    -4.038    -3.989    -3.954    -3.935    -3.907    -3.847    -3.753
    -3.632    -3.522    -3.438    -3.370    -3.314    -3.267    -3.216    -3.147
    -3.060    -2.951    -2.827    -2.712    -2.611    -2.527    -2.456    -2.376
    -2.287    -2.211    -2.151    -2.111    -2.092    -2.094    -2.114    -2.139
    -2.160    -2.175    -2.177    -2.164    -2.140    -2.109    -2.070    -2.027
    -1.976    -1.913    -1.832    -1.731    -1.604    -1.450    -1.266    -1.066
     -.878     -.743     -.627     -.429     -.121      .290      .743     1.188
     1.608     1.935     2.129     2.190     2.105     1.942     1.824     1.726
     1.660     1.703     1.859     2.125     2.446     2.747     3.008     3.220
     3.376     3.524     3.687     3.765     3.713     3.521     3.248     3.065
     3.024     3.129     3.273     3.330     3.288     3.137     2.924     2.676
     2.430     2.261     2.178     2.107     1.988     1.849     1.698     1.530
     1.347     1.113      .846      .628      .493      .424      .369      .304
      .224      .129      .041     -.036     -.101     -.174     -.274     -.403
     -.555     -.712     -.866    -1.024    -1.201    -1.404    -1.632    -1.860
    -2.068    -2.248    -2.383    -2.457    -2.462    -2.410    -2.357    -2.348
    -2.369    -2.373    -2.332    -2.249    -2.150    -2.049    -1.937    -1.834
    -1.745    -1.669    -1.603    -1.538    -1.483    -1.482    -1.515    -1.502
    -1.446    -1.372    -1.289    -1.217    -1.162    -1.124    -1.105    -1.102
    -1.117    -1.150    -1.201    -1.258    -1.295    -1.313    -1.332    -1.355
    -1.388    -1.427    -1.479    -1.552    -1.653    -1.782    -1.929    -2.066
    -2.185    -2.283    -2.361    -2.413    -2.454    -2.499    -2.548    -2.586
    -2.586    -2.516    -2.370    -2.142    -1.888    -1.688    -1.562    -1.522
    -1.541    -1.539    -1.496    -1.409    -1.300    -1.198    -1.110    -1.032
     -.950     -.864
  2674 POINTS OF DIS DATA EQUALLY SPACED AT   .020 SEC.
     -.742     -.994    -1.247    -1.502    -1.758    -2.016    -2.276    -2.538
    -2.803    -3.069    -3.328    -3.600    -3.878    -4.158    -4.441    -4.729
    -5.019    -5.314    -5.615    -5.925    -6.232    -6.549    -6.863    -7.172
    -7.477    -7.781    -8.087    -8.396    -8.710    -9.031    -9.348    -9.676
   -10.006   -10.338   -10.673   -11.013   -11.358   -11.705   -12.052   -12.394
   -12.712   -13.019   -13.302   -13.563   -13.807   -14.034   -14.241   -14.426
   -14.588   -14.728   -14.840   -14.939   -15.018   -15.077   -15.118   -15.146
   -15.161   -15.169   -15.170   -15.163   -15.147   -15.148   -15.167   -15.205
   -15.252   -15.293   -15.312   -15.295   -15.235   -15.131   -14.977   -14.792
   -14.567   -14.295   -13.969   -13.594   -13.175   -12.722   -12.243   -11.749
   -11.241   -10.745   -10.262    -9.803    -9.378    -8.996    -8.666    -8.393
    -8.169    -7.988    -7.841    -7.743    -7.676    -7.623    -7.556    -7.437
    -7.249    -6.995    -6.676    -6.295    -5.848    -5.355    -4.811    -4.220
    -3.586    -2.912    -2.207    -1.481     -.751     -.043      .636     1.277
     1.895     2.503     3.119     3.758     4.428     5.119     5.821     6.520
     7.208     7.857     8.464     9.034     9.573    10.092    10.605    11.125
    11.668    12.235    12.823    13.406    13.977    14.525    15.037    15.509
    15.955    16.390    16.827    17.259    17.681    18.068    18.407    18.685
    18.894    19.044    19.148    19.220    19.277    19.318    19.344    19.338
    19.305    19.245    19.160    19.053    18.925    18.772    18.591    18.380
    18.159    17.934    17.723    17.522    17.320    17.108    16.876    16.615
    16.321    16.004    15.675    15.333    14.974    14.591    14.175    13.725
    13.258    12.794    12.350    11.940    11.572    11.238    10.940    10.676
    10.441    10.232    10.042     9.868     9.703     9.544     9.389     9.239
     9.106     8.999     8.916     8.846     8.777     8.707     8.645     8.604
     8.586     8.571     8.550     8.522     8.484     8.429     8.355     8.275
     8.241     8.250     8.301     8.378     8.464     8.541     8.593     8.606
     8.577     8.510     8.409     8.281     8.131     7.952     7.735     7.484
     7.201     6.892     6.570     6.278     6.025     5.815     5.652     5.530
     5.452     5.430     5.459     5.533     5.641     5.773     5.916     6.057
     6.182     6.281     6.353     6.396     6.413     6.404     6.365     6.301
     6.216     6.111     5.985     5.836     5.667     5.490     5.315     5.143
     4.967     4.770     4.541     4.298     4.056     3.810     3.547     3.254
     2.920     2.540     2.118     1.675     1.228      .780      .336     -.101
     -.522     -.914    -1.268    -1.581    -1.859    -2.110    -2.343    -2.567
    -2.793    -3.026    -3.280    -3.552    -3.829    -4.102    -4.360    -4.598
    -4.817    -5.024    -5.225    -5.406    -5.559    -5.692    -5.809    -5.921
    -6.036    -6.161    -6.286    -6.401    -6.505    -6.595    -6.679    -6.765
    -6.861    -6.972    -7.095    -7.223    -7.350    -7.465    -7.570    -7.666
    -7.767    -7.885    -8.025    -8.174    -8.320    -8.451    -8.556    -8.640
    -8.708    -8.757    -8.800    -8.842    -8.889    -8.942    -9.000    -9.064
    -9.139    -9.225    -9.322    -9.417    -9.509    -9.593    -9.664    -9.725
    -9.786    -9.855    -9.934   -10.017   -10.108   -10.190   -10.262   -10.318
   -10.354   -10.368   -10.357   -10.324   -10.283   -10.248   -10.243   -10.264
   -10.311   -10.372   -10.430   -10.466   -10.468   -10.438   -10.384   -10.311
   -10.218   -10.094    -9.955    -9.815    -9.686    -9.578    -9.502    -9.463
    -9.457    -9.478    -9.525    -9.577    -9.632    -9.681    -9.711    -9.714
    -9.696    -9.665    -9.626    -9.577    -9.522    -9.443    -9.349    -9.245
    -9.141    -9.047    -8.971    -8.918    -8.884    -8.864    -8.859    -8.849
    -8.834    -8.807    -8.766    -8.713    -8.651    -8.580    -8.494    -8.390
    -8.270    -8.115    -7.932    -7.725    -7.500    -7.258    -6.992    -6.701
    -6.390    -6.064    -5.737    -5.401    -5.058    -4.702    -4.337    -3.969
    -3.604    -3.246    -2.888    -2.520    -2.141    -1.724    -1.266     -.762
     -.222      .330      .865     1.366     1.831     2.253     2.619     2.953
     3.264     3.551     3.814     4.050     4.283     4.523     4.770     5.029
     5.292     5.570     5.841     6.095     6.327     6.546     6.756     6.961
     7.149     7.305     7.415     7.489     7.522     7.522     7.493     7.434
     7.345     7.225     7.071     6.883     6.655     6.423     6.188     5.948
     5.703     5.452     5.191     4.919     4.636     4.351     4.062     3.794
     3.544     3.308     3.085     2.874     2.675     2.502     2.363     2.254
     2.154     2.064     1.963     1.846     1.726     1.618     1.536     1.491
     1.474     1.475     1.465     1.452     1.429     1.399     1.362     1.314
     1.253     1.181     1.109     1.051     1.010     1.011     1.044     1.099
     1.177     1.288     1.415     1.539     1.639     1.703     1.723     1.732
     1.742     1.762     1.786     1.805     1.809     1.788     1.752     1.723
     1.691     1.674     1.661     1.657     1.668     1.690     1.722     1.759
     1.798     1.835     1.869     1.919     1.986     2.076     2.184     2.295
     2.394     2.474     2.546     2.614     2.680     2.752     2.813     2.855
     2.882     2.905     2.935     2.976     3.020     3.052     3.049     3.024
     2.980     2.922     2.861     2.808     2.778     2.787     2.849     2.963
     3.115     3.305     3.520     3.764     4.030     4.309     4.588     4.852
     5.082     5.265     5.382     5.439     5.419     5.317     5.135     4.881
     4.561     4.183     3.754     3.278     2.752     2.201     1.636     1.073
      .531      .025     -.427     -.821    -1.178    -1.518    -1.862    -2.217
    -2.586    -2.957    -3.311    -3.627    -3.896    -4.110    -4.269    -4.373
    -4.438    -4.467    -4.480    -4.480    -4.460    -4.411    -4.327    -4.206
    -4.051    -3.868    -3.666    -3.444    -3.213    -2.980    -2.756    -2.548
    -2.363    -2.205    -2.071    -1.953    -1.852    -1.757    -1.665    -1.572
    -1.472    -1.364    -1.246    -1.118     -.980     -.834     -.690     -.545
     -.407     -.274     -.143     -.011      .122      .240      .332      .401
      .444      .474      .490      .498      .500      .497      .492      .489
      .488      .486      .482      .489      .510      .542      .578      .610
      .627      .630      .624      .617      .616      .632      .659      .697
      .741      .788      .834      .873      .911      .955     1.008     1.081
     1.169     1.266     1.367     1.469     1.576     1.695     1.827     1.972
     2.124     2.280     2.436     2.584     2.720     2.839     2.935     3.012
     3.081     3.151     3.230     3.320     3.401     3.465     3.518     3.562
     3.612     3.672     3.743     3.825     3.920     4.027     4.134     4.225
     4.287     4.308     4.290     4.248     4.196     4.149     4.114     4.086
     4.058     4.023     3.981     3.939     3.906     3.892     3.902     3.930
     3.964     3.996     4.015     4.006     3.967     3.924     3.901     3.909
     3.943     3.995     4.055     4.110     4.149     4.166     4.165     4.153
     4.142     4.144     4.162     4.194     4.246     4.311     4.389     4.479
     4.582     4.697     4.819     4.939     5.049     5.134     5.193     5.232
     5.262     5.292     5.333     5.392     5.463     5.543     5.625     5.706
     5.790     5.878     5.972     6.067     6.159     6.238     6.302     6.352
     6.394     6.432     6.467     6.485     6.485     6.466     6.431     6.385
     6.331     6.268     6.195     6.112     6.023     5.924     5.821     5.717
     5.613     5.510     5.405     5.291     5.164     5.018     4.853     4.657
     4.438     4.208     3.974     3.738     3.499     3.259     3.020     2.793
     2.590     2.403     2.234     2.078     1.931     1.787     1.642     1.489
     1.325     1.144      .947      .722      .479      .225     -.030     -.278
     -.519     -.761    -1.000    -1.233    -1.449    -1.653    -1.837    -2.006
    -2.168    -2.333    -2.511    -2.704    -2.911    -3.129    -3.351    -3.583
    -3.815    -4.044    -4.265    -4.475    -4.671    -4.849    -5.008    -5.149
    -5.269    -5.379    -5.476    -5.561    -5.638    -5.708    -5.773    -5.833
    -5.888    -5.939    -5.981    -6.027    -6.078    -6.138    -6.213    -6.304
    -6.393    -6.472    -6.539    -6.595    -6.640    -6.687    -6.737    -6.787
    -6.835    -6.877    -6.911    -6.938    -6.958    -6.975    -6.986    -7.002
    -7.020    -7.038    -7.054    -7.065    -7.075    -7.094    -7.131    -7.199
    -7.292    -7.410    -7.536    -7.659    -7.768    -7.854    -7.909    -7.931
    -7.924    -7.890    -7.827    -7.746    -7.649    -7.542    -7.428    -7.308
    -7.183    -7.058    -6.938    -6.824    -6.707    -6.593    -6.476    -6.359
    -6.244    -6.133    -6.029    -5.935    -5.853    -5.786    -5.730    -5.694
    -5.672    -5.664    -5.665    -5.672    -5.680    -5.684    -5.682    -5.677
    -5.670    -5.678    -5.696    -5.721    -5.746    -5.765    -5.774    -5.775
    -5.768    -5.755    -5.738    -5.730    -5.733    -5.753    -5.792    -5.852
    -5.936    -6.044    -6.171    -6.308    -6.440    -6.565    -6.669    -6.741
    -6.777    -6.783    -6.764    -6.730    -6.693    -6.657    -6.619    -6.587
    -6.557    -6.529    -6.498    -6.464    -6.425    -6.375    -6.311    -6.228
    -6.121    -6.005    -5.884    -5.763    -5.639    -5.510    -5.374    -5.235
    -5.099    -4.971    -4.851    -4.752    -4.671    -4.609    -4.569    -4.546
    -4.537    -4.536    -4.539    -4.540    -4.529    -4.509    -4.470    -4.409
    -4.324    -4.217    -4.094    -3.960    -3.824    -3.691    -3.567    -3.465
    -3.389    -3.340    -3.311    -3.296    -3.287    -3.277    -3.255    -3.214
    -3.146    -3.062    -2.966    -2.866    -2.769    -2.680    -2.608    -2.555
    -2.518    -2.492    -2.465    -2.435    -2.395    -2.342    -2.279    -2.210
    -2.142    -2.080    -2.034    -2.010    -2.013    -2.049    -2.117    -2.217
    -2.343    -2.491    -2.651    -2.818    -2.983    -3.139    -3.276    -3.394
    -3.495    -3.578    -3.637    -3.670    -3.670    -3.634    -3.563    -3.467
    -3.359    -3.263    -3.198    -3.167    -3.165    -3.188    -3.224    -3.267
    -3.305    -3.332    -3.349    -3.361    -3.369    -3.374    -3.374    -3.369
    -3.364    -3.365    -3.381    -3.414    -3.461    -3.519    -3.583    -3.648
    -3.706    -3.753    -3.781    -3.787    -3.773    -3.740    -3.693    -3.635
    -3.566    -3.484    -3.387    -3.271    -3.137    -2.991    -2.840    -2.693
    -2.556    -2.426    -2.297    -2.162    -2.013    -1.846    -1.666    -1.477
    -1.284    -1.093     -.913     -.744     -.590     -.449     -.317     -.193
     -.075      .041      .158      .278      .404      .543      .695      .858
     1.028     1.200     1.368     1.531     1.685     1.827     1.953     2.064
     2.161     2.250     2.335     2.422     2.507     2.585     2.651     2.701
     2.736     2.773     2.815     2.873     2.956     3.063     3.185     3.313
     3.435     3.540     3.617     3.676     3.722     3.767     3.828     3.907
     4.006     4.120     4.243     4.371     4.495     4.615     4.726     4.830
     4.929     5.028     5.131     5.245     5.372     5.517     5.673     5.842
     6.013     6.182     6.342     6.489     6.620     6.737     6.844     6.946
     7.044     7.151     7.269     7.399     7.537     7.681     7.826     7.969
     8.110     8.250     8.385     8.518     8.645     8.765     8.878     8.985
     9.084     9.178     9.268     9.358     9.446     9.545     9.653     9.773
     9.910    10.066    10.245    10.450    10.677    10.920    11.168    11.419
    11.662    11.887    12.085    12.246    12.372    12.466    12.536    12.590
    12.634    12.687    12.749    12.813    12.866    12.900    12.909    12.900
    12.886    12.879    12.888    12.932    13.006    13.105    13.223    13.350
    13.477    13.588    13.671    13.718    13.737    13.766    13.820    13.899
    13.997    14.107    14.220    14.327    14.418    14.484    14.513    14.515
    14.492    14.451    14.402    14.356    14.323    14.315    14.340    14.407
    14.514    14.667    14.853    15.066    15.297    15.538    15.782    16.018
    16.240    16.438    16.599    16.727    16.809    16.839    16.811    16.730
    16.603    16.441    16.256    16.061    15.863    15.688    15.538    15.407
    15.281    15.147    14.990    14.802    14.588    14.363    14.135    13.925
    13.726    13.534    13.338    13.132    12.904    12.647    12.356    12.036
    11.687    11.326    10.956    10.589    10.231     9.885     9.554     9.236
     8.935     8.650     8.374     8.099     7.804     7.473     7.098     6.688
     6.250     5.797     5.341     4.896     4.468     4.065     3.682     3.314
     2.959     2.612     2.269     1.930     1.598     1.284      .993      .740
      .521      .335      .178      .040     -.087     -.213     -.344     -.485
     -.644     -.815    -1.004    -1.210    -1.425    -1.640    -1.847    -2.039
    -2.217    -2.390    -2.570    -2.760    -2.972    -3.208    -3.461    -3.726
    -3.998    -4.268    -4.533    -4.789    -5.043    -5.286    -5.522    -5.755
    -5.987    -6.221    -6.461    -6.707    -6.957    -7.212    -7.473    -7.732
    -7.994    -8.263    -8.543    -8.835    -9.135    -9.438    -9.735   -10.020
   -10.288   -10.535   -10.769   -10.999   -11.230   -11.460   -11.687   -11.907
   -12.115   -12.308   -12.485   -12.642   -12.785   -12.918   -13.044   -13.166
   -13.281   -13.386   -13.483   -13.571   -13.656   -13.733   -13.801   -13.858
   -13.903   -13.934   -13.951   -13.957   -13.953   -13.940   -13.923   -13.896
   -13.865   -13.828   -13.788   -13.745   -13.701   -13.656   -13.612   -13.566
   -13.519   -13.464   -13.401   -13.328   -13.247   -13.161   -13.069   -12.975
   -12.880   -12.784   -12.686   -12.580   -12.464   -12.342   -12.218   -12.100
   -11.987   -11.876   -11.763   -11.643   -11.516   -11.374   -11.221   -11.062
   -10.902   -10.745   -10.597   -10.459   -10.327   -10.199   -10.072    -9.942
    -9.809    -9.673    -9.537    -9.400    -9.259    -9.113    -8.959    -8.799
    -8.639    -8.482    -8.335    -8.198    -8.070    -7.947    -7.825    -7.698
    -7.562    -7.417    -7.264    -7.106    -6.946    -6.785    -6.628    -6.477
    -6.334    -6.201    -6.074    -5.952    -5.831    -5.709    -5.583    -5.451
    -5.315    -5.178    -5.042    -4.909    -4.775    -4.642    -4.507    -4.374
    -4.243    -4.118    -4.002    -3.897    -3.800    -3.705    -3.608    -3.507
    -3.403    -3.304    -3.212    -3.131    -3.066    -3.018    -2.986    -2.968
    -2.962    -2.963    -2.968    -2.978    -2.988    -2.996    -3.001    -3.002
    -2.999    -2.990    -2.974    -2.950    -2.916    -2.875    -2.829    -2.781
    -2.734    -2.694    -2.663    -2.643    -2.632    -2.631    -2.639    -2.662
    -2.698    -2.744    -2.795    -2.849    -2.903    -2.951    -2.991    -3.019
    -3.030    -3.033    -3.026    -3.013    -2.997    -2.979    -2.960    -2.941
    -2.924    -2.911    -2.899    -2.896    -2.896    -2.899    -2.902    -2.904
    -2.902    -2.894    -2.879    -2.853    -2.812    -2.760    -2.695    -2.616
    -2.530    -2.442    -2.356    -2.279    -2.213    -2.159    -2.111    -2.074
    -2.042    -2.014    -1.988    -1.963    -1.940    -1.919    -1.898    -1.875
    -1.846    -1.820    -1.794    -1.767    -1.739    -1.707    -1.670    -1.629
    -1.583    -1.531    -1.473    -1.418    -1.364    -1.312    -1.261    -1.214
    -1.171    -1.134    -1.106    -1.086    -1.071    -1.066    -1.064    -1.065
    -1.068    -1.076    -1.091    -1.113    -1.140    -1.171    -1.197    -1.227
    -1.256    -1.284    -1.309    -1.328    -1.337    -1.338    -1.333    -1.324
    -1.308    -1.299    -1.295    -1.298    -1.305    -1.316    -1.327    -1.336
    -1.342    -1.345    -1.338    -1.333    -1.323    -1.311    -1.298    -1.287
    -1.281    -1.280    -1.281    -1.284    -1.279    -1.277    -1.269    -1.256
    -1.237    -1.213    -1.185    -1.155    -1.127    -1.102    -1.075    -1.057
    -1.040    -1.021    -1.000     -.976     -.950     -.920     -.889     -.857
     -.816     -.777     -.732     -.680     -.622     -.559     -.493     -.426
     -.356     -.286     -.210     -.141     -.074     -.009      .053      .111
      .162      .208      .251      .293      .342      .387      .435      .488
      .546      .609      .677      .750      .827      .907      .993     1.071
     1.145     1.213     1.273     1.324     1.365     1.398     1.424     1.446
     1.470     1.486     1.501     1.515     1.526     1.535     1.543     1.552
     1.563     1.577     1.602     1.624     1.648     1.671     1.692     1.708
     1.722     1.734     1.746     1.759     1.779     1.793     1.806     1.818
     1.830     1.845     1.863     1.886     1.917     1.955     2.004     2.052
     2.104     2.158     2.212     2.266     2.318     2.367     2.411     2.451
     2.491     2.520     2.544     2.563     2.580     2.597     2.614     2.633
     2.656     2.682     2.717     2.752     2.790     2.829     2.865     2.899
     2.929     2.956     2.981     3.004     3.029     3.048     3.067     3.086
     3.107     3.130     3.156     3.185     3.216     3.249     3.289     3.326
     3.363     3.399     3.431     3.461     3.486     3.506     3.523     3.535
     3.549     3.558     3.566     3.573     3.579     3.583     3.584     3.583
     3.580     3.577     3.581     3.585     3.593     3.604     3.616     3.628
     3.638     3.644     3.647     3.646     3.646     3.642     3.636     3.630
     3.622     3.616     3.611     3.610     3.614     3.623     3.639     3.655
     3.671     3.687     3.701     3.714     3.725     3.733     3.740     3.745
     3.753     3.759     3.767     3.779     3.795     3.816     3.840     3.865
     3.889     3.910     3.928     3.937     3.940     3.937     3.929     3.917
     3.903     3.887     3.873     3.859     3.850     3.839     3.828     3.818
     3.807     3.797     3.786     3.777     3.767     3.757     3.747     3.735
     3.723     3.709     3.697     3.685     3.676     3.669     3.665     3.664
     3.667     3.672     3.679     3.689     3.702     3.718     3.739     3.764
     3.794     3.828     3.867     3.909     3.953     4.000     4.050     4.105
     4.163     4.227     4.296     4.370     4.449     4.533     4.621     4.711
     4.804     4.897     4.987     5.073     5.154     5.229     5.300     5.367
     5.430     5.491     5.550     5.608     5.667     5.727     5.785     5.841
     5.892     5.937     5.979     6.016     6.051     6.083     6.113     6.140
     6.164     6.183     6.198     6.210     6.217     6.220     6.219     6.212
     6.201     6.186     6.168     6.148     6.125     6.104     6.082     6.060
     6.035     6.006     5.971     5.930     5.884     5.833     5.777     5.720
     5.660     5.599     5.535     5.468     5.398     5.325     5.248     5.169
     5.085     5.002     4.919     4.836     4.753     4.671     4.591     4.512
     4.434     4.355     4.274     4.195     4.116     4.037     3.959     3.883
     3.808     3.736     3.666     3.599     3.530     3.464     3.397     3.328
     3.256     3.184     3.110     3.034     2.958     2.880     2.798     2.720
     2.641     2.563     2.486     2.411     2.339     2.271     2.208     2.148
     2.086     2.029     1.972     1.914     1.854     1.793     1.732     1.670
     1.607     1.543     1.475     1.410     1.345     1.280     1.217     1.154
     1.093     1.031      .970      .910      .847      .789      .733      .680
      .627      .573      .517      .458      .394      .324      .245      .165
      .083     -.002     -.090     -.181     -.274     -.369     -.465     -.560
     -.657     -.747     -.834     -.917     -.996    -1.073    -1.147    -1.217
    -1.283    -1.346    -1.408    -1.460    -1.506    -1.547    -1.582    -1.613
    -1.639    -1.661    -1.678    -1.689    -1.700    -1.698    -1.690    -1.675
    -1.656    -1.632    -1.606    -1.579    -1.551    -1.524    -1.503    -1.478
    -1.453    -1.429    -1.404    -1.378    -1.350    -1.319    -1.285    -1.250
    -1.218    -1.181    -1.145    -1.110    -1.077    -1.046    -1.018     -.991
     -.967     -.946     -.934     -.919     -.906     -.897     -.889     -.883
     -.879     -.876     -.876     -.879     -.890     -.898     -.907     -.919
     -.932     -.949     -.968     -.991    -1.017    -1.046    -1.084    -1.118
    -1.153    -1.188    -1.222    -1.253    -1.281    -1.305    -1.326    -1.343
    -1.361    -1.373    -1.382    -1.392    -1.401    -1.410    -1.421    -1.433
    -1.447    -1.465    -1.490    -1.514    -1.541    -1.570    -1.601    -1.633
    -1.664    -1.695    -1.725    -1.753    -1.784    -1.808    -1.831    -1.852
    -1.873    -1.896    -1.921    -1.951    -1.983    -2.020    -2.066    -2.111
    -2.160    -2.212    -2.268    -2.328    -2.391    -2.458    -2.530    -2.607
    -2.694    -2.782    -2.876    -2.976    -3.080    -3.189    -3.302    -3.417
    -3.536    -3.656    -3.783    -3.906    -4.030    -4.156    -4.282    -4.410
    -4.538    -4.667    -4.795    -4.923    -5.054    -5.181    -5.308    -5.435
    -5.561    -5.689    -5.816    -5.943    -6.069    -6.194    -6.321    -6.443
    -6.563    -6.680    -6.794    -6.904    -7.010    -7.111    -7.208    -7.301
    -7.393    -7.477    -7.556    -7.629    -7.695    -7.755    -7.808    -7.856
    -7.901    -7.943    -7.987    -8.028    -8.070    -8.113    -8.157    -8.203
    -8.249    -8.296    -8.345    -8.394    -8.449    -8.504    -8.561    -8.621
    -8.682    -8.745    -8.808    -8.870    -8.930    -8.989    -9.049    -9.103
    -9.154    -9.201    -9.245    -9.286    -9.324    -9.358    -9.389    -9.416
    -9.439    -9.455    -9.466    -9.472    -9.473    -9.472    -9.467    -9.459
    -9.450    -9.437    -9.422    -9.404    -9.383    -9.361    -9.338    -9.314
    -9.287    -9.257    -9.224    -9.185    -9.143    -9.095    -9.043    -8.989
    -8.934    -8.879    -8.827    -8.777    -8.729    -8.682    -8.638    -8.593
    -8.549    -8.504    -8.459    -8.414    -8.367    -8.319    -8.269    -8.217
    -8.164    -8.110    -8.054    -7.995    -7.934    -7.870    -7.803    -7.731
    -7.657    -7.580    -7.500    -7.417    -7.330    -7.238    -7.141    -7.038
    -6.929    -6.813    -6.690    -6.561    -6.424    -6.281    -6.131    -5.975
    -5.815    -5.650    -5.483    -5.314    -5.145    -4.974    -4.803    -4.634
    -4.466    -4.300    -4.134    -3.969    -3.805    -3.639    -3.471    -3.301
    -3.127    -2.952    -2.775    -2.597    -2.417    -2.236    -2.054    -1.872
    -1.691    -1.511    -1.331    -1.155     -.983     -.813     -.646     -.481
     -.320     -.162     -.008      .142      .289      .429      .567      .703
      .837      .970     1.103     1.235     1.367     1.498     1.632     1.764
     1.896     2.030     2.166     2.304     2.444     2.586     2.730     2.874
     3.020     3.164     3.306     3.448     3.590     3.732     3.874     4.015
     4.156     4.296     4.439     4.579     4.719     4.858     4.997     5.134
     5.269     5.401     5.530     5.657     5.785     5.906     6.026     6.144
     6.260     6.376     6.489     6.601     6.710     6.817     6.924     7.025
     7.122     7.216     7.305     7.391     7.472     7.551     7.625     7.696
     7.767     7.829     7.885     7.937     7.984     8.027     8.066     8.102
     8.134     8.162     8.190     8.211     8.227     8.240     8.248     8.252
     8.253     8.250     8.243     8.234     8.227     8.212     8.195     8.175
     8.152     8.128     8.103     8.078     8.053     8.030     8.012     7.991
     7.971     7.952     7.933     7.913     7.892     7.869     7.841     7.808
     7.774     7.729     7.676     7.616     7.550     7.478     7.402     7.323
     7.239     7.153     7.069     6.976     6.881     6.784     6.686     6.586
     6.486     6.384     6.281     6.178     6.080     5.975     5.869     5.763
     5.656     5.551     5.446     5.344     5.243     5.145     5.057     4.965
     4.877     4.793     4.712     4.634     4.559     4.488     4.419     4.355
     4.299     4.241     4.184     4.129     4.075     4.020     3.966     3.912
     3.858     3.804     3.755     3.700     3.644     3.589     3.535     3.483
     3.432     3.383     3.337     3.293     3.257     3.217     3.177     3.138
     3.097     3.055     3.011     2.965     2.916     2.863     2.812     2.752
     2.687     2.619     2.547     2.472     2.392     2.309     2.224     2.136
     2.055     1.968     1.882     1.797     1.712     1.628     1.545     1.463
     1.384     1.307     1.237     1.164     1.091     1.020      .950      .880
      .813      .747      .684      .623      .570      .513      .458      .404
      .352      .302      .253      .205      .157      .110      .068      .021
     -.028     -.076     -.125     -.174     -.222     -.270     -.317     -.363
     -.403     -.447     -.489     -.530     -.569     -.604     -.637     -.665
     -.689     -.711     -.724     -.740     -.750     -.753     -.748     -.733
     -.710     -.679     -.643     -.605     -.561     -.525     -.492     -.461
     -.432     -.403     -.373     -.338     -.296     -.249     -.191     -.133
     -.071     -.007      .061      .132      .202      .271      .334      .393
      .454      .511      .571      .633      .696      .756      .813      .865
      .912      .955     1.000     1.039     1.076     1.111     1.143     1.171
     1.197     1.218     1.234     1.245     1.256     1.262     1.267     1.270
     1.272     1.272     1.271     1.268     1.263     1.257     1.253     1.243
     1.231     1.215     1.197     1.175     1.150     1.121     1.088     1.050
     1.011      .966      .917      .866      .814      .763      .713      .663
      .614      .564      .517      .469      .423      .379      .337      .298
      .260      .224      .189      .156      .126      .095      .063      .031
      .000     -.030     -.058     -.084     -.110     -.134     -.156     -.179
     -.202     -.226     -.251     -.276     -.303     -.330     -.358     -.386
     -.413     -.441     -.471     -.502     -.535     -.569     -.607     -.648
     -.691     -.736     -.782     -.830     -.879     -.929     -.979    -1.031
    -1.083    -1.134    -1.183    -1.229    -1.268    -1.304    -1.336    -1.366
    -1.396    -1.427    -1.457    -1.486    -1.512    -1.537    -1.560    -1.581
    -1.600    -1.618
 /&
