-1.609349661808047727e-01
-6.930461154419730041e-02
-9.252030805334873764e-02
8.099815062797582899e-02
-2.809840982019884414e-02
9.859062671277876722e-02
1.823096624047202893e-02
1.058569106049628630e-02
1.058535444750031973e-01
7.929597659773821028e-02
-1.803058433211558731e-01
3.596095037380160619e-02
6.271549498764095176e-02
-1.477731860250719106e-02
-1.769008028392010656e-01
-6.550412070785809060e-02
1.061181195325143489e-01
2.245260459783237350e-01
8.006135981310030791e-02
5.895935018570989949e-03
6.878999010534250780e-03
-3.171167024144846414e-01
-4.231093516561291734e-01
-8.855399936436900155e-03
2.451884336847062751e-02
-1.552049254415566182e-01
-2.439855795702246533e-01
3.048282850844948044e-02
9.589232003150467698e-02
-9.538885618772678654e-02
-3.836731791897048938e-01
-2.651007667185126260e-01
9.662895288697601059e-02
-3.737116324897444830e-01
-2.669782063142582818e-01
-9.767147859672173360e-02
-2.347654791231064686e-01
-1.834295023769805244e-02
-1.404570139635481218e-01
-4.666769047148027205e-01
-4.806898266027226363e-01
-4.947722752675819402e-01
-2.797230760545542094e-01
-3.444210580752231632e-01
-1.916570697819014457e-01
-1.096838279415984774e-01
-1.688570267549209247e-01
4.891212117340859589e-02
-2.473171163615556500e-01
-1.828555557643754548e-01
-8.816369941138033073e-02
-3.182822521354527479e-01
-1.483121148237591114e-01
-2.383399594904153929e-01
-1.746956162257048695e-01
1.033420810067269408e-01
-1.109701143085203290e-01
1.159613159913049363e-01
-7.986175937605477504e-02
1.338632289775141815e-01
6.565802647831169014e-02
-5.338816576780550105e-03
2.983853851009143354e-01
2.159136486173676428e-01
2.861667392135955890e-01
4.388283371546338740e-01
-7.034028291221267049e-02
2.077220486800454569e-02
1.024593605018050968e-01
2.379110801401191910e-01
4.364148407127473872e-01
5.962043297855960100e-01
4.786380763128811333e-01
5.069639053298339304e-01
4.214439826591546701e-01
7.494815071189347977e-01
7.384302930664843334e-01
9.174291455395026107e-01
6.685809818042978137e-01
9.817164437438590241e-01
8.025829853100240330e-01
8.926016121501159084e-01
1.047415381543913337e+00
1.423878654780556863e+00
1.309067234420439041e+00
1.457124370544991887e+00
1.346346984398268054e+00
1.607608928584284724e+00
1.649457155842556588e+00
1.617401790346327584e+00
1.519105355016642012e+00
1.449995294454558881e+00
1.419502953023185299e+00
1.584830927625558328e+00
1.643222756308610144e+00
1.611266176612114798e+00
1.731327478985876356e+00
1.691747751197002048e+00
1.647189049413642969e+00
1.815038670225526340e+00
1.942294494848757047e+00
1.955641281024824707e+00
1.868432443668835763e+00
1.945160791822854618e+00
2.149083246595549834e+00
2.445167960112778260e+00
2.414178361678523288e+00
2.457873771253326733e+00
2.397247559397988503e+00
2.371526232008786206e+00
2.588925136322437925e+00
2.911246910642153463e+00
2.633930921927302382e+00
2.868984241019203019e+00
2.655147452829052401e+00
3.049401839177980911e+00
2.859801316580859343e+00
2.942737617926669103e+00
3.160998860733482907e+00
2.910890009188064731e+00
3.200759942316897977e+00
3.271617044174463640e+00
3.196901714348608259e+00
3.337810423590549913e+00
3.520316476957705110e+00
3.434097521962037103e+00
3.531759700538088076e+00
3.561758982318162570e+00
3.565790045099127781e+00
3.804757615564931417e+00
3.717545299107774426e+00
3.556763232961858368e+00
3.919505919165796826e+00
3.645010365088148241e+00
3.937738259229602189e+00
3.861157738739057432e+00
3.841708722339826299e+00
3.853779000449081948e+00
3.814290569499747985e+00
3.906148627378605909e+00
4.239719374882185754e+00
3.796552118206577564e+00
4.145837450661280954e+00
3.877732170025737890e+00
4.109079186405772077e+00
3.965560713030349849e+00
4.055691438151859174e+00
3.944130815855331207e+00
3.716562227197392598e+00
3.606971492517767608e+00
3.826981738562988955e+00
3.929869214189520399e+00
4.062072104954871143e+00
3.592486976968528811e+00
3.689583746409785370e+00
3.493953664099947787e+00
3.411096154581701789e+00
3.477416797809108839e+00
3.233050957673333059e+00
3.323135505781874777e+00
3.255026415532585649e+00
3.255039223469282206e+00
3.141620822092081156e+00
3.021609491097554834e+00
3.187176464435236500e+00
2.875326338368851875e+00
2.977465814403391420e+00
2.760948187273167154e+00
2.654292203061223265e+00
2.628598460015397542e+00
2.587448889028264087e+00
2.558418519350273534e+00
2.263388110559535704e+00
2.439087913781601724e+00
2.296996179404382499e+00
1.952134527253220675e+00
1.963631964220999171e+00
1.996650047690493812e+00
1.786786220325333741e+00
1.730042378861758268e+00
1.809125368667976907e+00
1.640921382863658629e+00
1.471951200451363739e+00
1.485060093900661071e+00
1.437766006867073454e+00
1.256075667154060715e+00
1.262472549294187285e+00
1.034963840588445372e+00
1.316162383102793987e+00
1.160145700493538934e+00
6.728451961891701583e-01
1.323214627514199604e+00
8.445973512671799410e-01
8.372562717792848552e-01
7.984162299285848530e-01
6.435252049964853560e-01
6.515892042619527702e-01
6.221688625721664145e-01
5.679593244156498910e-01
5.685680226438124540e-01
2.846515064230798475e-01
5.454530100551492344e-01
3.975665102497679126e-01
4.594853035571244138e-01
3.489950666188563200e-01
4.394059690563542619e-01
3.607391428582710224e-01
1.654253562096150709e-01
8.780121708449992179e-02
7.811213028375077472e-03
2.008591650043531907e-01
-2.155252853046988326e-01
-2.363909509654419649e-01
1.710918401516907106e-01
-1.111545439502477778e-01
-1.701000384919378050e-01
-3.005472091021590408e-01
-1.865212387032588737e-01
-1.536755291601851203e-01
-6.333818611800998144e-02
-1.530834741026865786e-01
-3.018120190387199031e-01
-4.728400036354719616e-01
-5.021414665461102489e-01
-1.997222122152876034e-01
-6.858626170438832936e-01
-5.796757933917041639e-01
-6.049634367492312537e-01
-5.778818208497780162e-01
-5.745598241269910256e-01
-6.661215092277587013e-01
-7.581583269935884273e-01
-9.044110887807801369e-01
-1.089154751806251431e+00
-1.059939082405835675e+00
-8.204258570946360019e-01
-7.814358653735405946e-01
-9.435440303642864679e-01
-8.034197208061116813e-01
-8.777267136403685832e-01
-5.111824711438037738e-01
-1.022144425903451115e+00
-9.096463759245760894e-01
-1.003635687380986408e+00
-7.040824500925453311e-01
-1.031075928027672672e+00
-7.103670534958450578e-01
-1.064878766460876758e+00
-8.206834603686978813e-01
-7.984235184626701232e-01
-1.072549288154724723e+00
-9.168354085811291077e-01
-1.031133017399870067e+00
-6.984085891521311096e-01
-1.008313216160334980e+00
-9.575445866770875281e-01
-1.078275818352277149e+00
-9.883917746140382654e-01
-9.488100428012593568e-01
-1.075502818688581108e+00
-1.190372175126998888e+00
-1.114025020915422770e+00
-9.919415570371362678e-01
-1.074968660644494367e+00
-1.192138782045312873e+00
-1.306076486424904592e+00
-1.139555851496220296e+00
-1.289494175982163426e+00
-1.304918580275134410e+00
-1.393919682102539692e+00
-1.371810757294228633e+00
-1.267956333054883977e+00
-1.427807292184887000e+00
-1.450941878599647517e+00
-1.264821750754874241e+00
-1.388597851808801131e+00
-1.777874401413861882e+00
-1.599173274033587777e+00
-1.674699048278147195e+00
-1.667616047308732918e+00
-1.633862350493172855e+00
-1.747009718103440967e+00
-1.472563410460283606e+00
-1.623691889068508143e+00
-1.522239450375334702e+00
-1.461150152231183830e+00
-1.486732695086388389e+00
-1.403186660314405199e+00
-1.280511620609026346e+00
-1.687718524031491363e+00
-1.382237677805286502e+00
-1.540359676620975282e+00
-1.598615023842155702e+00
-1.328311473566729628e+00
-1.538042992720808133e+00
-1.449808743071308692e+00
-1.124957571641278742e+00
-1.298710235970574667e+00
-1.306744876742609085e+00
-1.374719323411902172e+00
-1.306039560062625560e+00
-1.370953737000267347e+00
-1.032597605368174687e+00
-1.060696871876920966e+00
-1.020055284052855837e+00
-7.853588251421566024e-01
-9.974884638559469163e-01
-9.104114782885630586e-01
-8.964767021966206784e-01
-9.167516439875176282e-01
-7.752449183511074260e-01
-8.383961037951572770e-01
-6.577117622169708078e-01
-7.967562096431204388e-01
-8.101783335111705231e-01
-8.784295456035047245e-01
-8.044502279501773989e-01
-6.486743107252738172e-01
-6.404635058466674469e-01
-5.176320006390509043e-01
-3.519598137439261532e-01
-5.593351993051172144e-01
-3.657120545738743456e-01
-5.169559068214528708e-01
-1.293149061900121244e-01
-9.360416696188286756e-02
-4.599374680717136510e-01
-1.041885005980099088e-01
-1.378515631751318915e-02
-2.141874180054698373e-01
7.939989788638447676e-03
7.329234631032469083e-02
-2.412982501067250929e-01
1.819222180120596000e-01
-5.440236326063691008e-03
1.814063723173824083e-01
2.701019197365999713e-01
3.476883742953867373e-01
1.461316044126115266e-01
2.959360833609833707e-01
4.586393719862079665e-01
4.525513686245615785e-01
4.546322065683066072e-01
6.049157506559251773e-01
8.645094820102340316e-01
6.506903271354852469e-01
8.206790572315120214e-01
8.766329178581907522e-01
1.043261001932609844e+00
1.109848162161917173e+00
8.861302343437995610e-01
8.582651724518923775e-01
1.140236375532512891e+00
1.047417793625717630e+00
1.412433272624630254e+00
1.220245154559943535e+00
1.361042442438062050e+00
1.462050505941610012e+00
1.524460244468668790e+00
1.409175219559699599e+00
1.521553276106307528e+00
1.723800676200780257e+00
1.654863095629951930e+00
1.920298075095616008e+00
2.003712364834343340e+00
2.049742316569138190e+00
1.971355490166058599e+00
2.235323620762279084e+00
2.261949692534618084e+00
2.006703441565549806e+00
2.164234444902629839e+00
2.066197344423612137e+00
2.168409228358586294e+00
2.270457442218007049e+00
2.399787473268104598e+00
2.328810655590125123e+00
2.411491798301045097e+00
2.042133391097088690e+00
2.507500563540505656e+00
2.519703518259195363e+00
2.322630899974688745e+00
2.664568949970413936e+00
2.693630412356386117e+00
2.707489183691179857e+00
2.514143039279274294e+00
2.745261078506362917e+00
2.870726576067016644e+00
2.833698035560249906e+00
3.106389791666940070e+00
2.903334843519643105e+00
2.874092958177909107e+00
3.075484991114270095e+00
2.919790037225791224e+00
2.846965625293985003e+00
3.264244748265541229e+00
3.326190073798532598e+00
3.316037809003745451e+00
3.117752688306946851e+00
3.423968519279370071e+00
3.398451280235247562e+00
3.126556507747096703e+00
3.218522355440171623e+00
3.443854670652803041e+00
3.385651461746427948e+00
3.428434629086797525e+00
3.409369966070686875e+00
3.510614273226882354e+00
3.603678798339592593e+00
3.628624978767170273e+00
3.646851772514060119e+00
3.919404129794643143e+00
3.593012944608348302e+00
3.789441807323586708e+00
4.029397884945472796e+00
3.992527476075052650e+00
3.906278339067241756e+00
4.083772713376978558e+00
4.046739418369562635e+00
3.972446488415817711e+00
4.495687668349257926e+00
4.123363346073953828e+00
4.530284384146964882e+00
4.298310008288377837e+00
4.413178778978363859e+00
4.328717487493447535e+00
4.715926765265125553e+00
4.514324649304588988e+00
4.574210545467527922e+00
4.503450086997136559e+00
4.515317545063092020e+00
4.889000563038324643e+00
4.769180345612783256e+00
4.747895579566479896e+00
4.730505777736333961e+00
4.827647271197999856e+00
4.683389877755515407e+00
4.680182688184391537e+00
4.692079424535103627e+00
4.924819754977811215e+00
4.901856269681137412e+00
4.783167242093421478e+00
4.845690504124177345e+00
5.206525114761002548e+00
4.871067382115400690e+00
4.828359215015093575e+00
4.998410926948973376e+00
4.962218569065323770e+00
4.829248358726900392e+00
4.929472209697761009e+00
5.005020134043832947e+00
4.810824428385056528e+00
4.914194390170553817e+00
4.717335008327262713e+00
4.868810552967998362e+00
4.886420682097212698e+00
4.934106028141497013e+00
4.746527082132127262e+00
4.595166670355076199e+00
4.530094862089409702e+00
4.623892719321077038e+00
4.461661449521606926e+00
4.526937343346353337e+00
4.143632535712553633e+00
4.561234910157754285e+00
4.129280991035420456e+00
4.259853142342340249e+00
4.172442526699557952e+00
3.987842646384793355e+00
4.097363200053369958e+00
3.769970048272253127e+00
3.997681257737649041e+00
3.968654012021069377e+00
3.708954588806433250e+00
3.836343988048717790e+00
3.797580797809802622e+00
3.696543852907657079e+00
3.369626079918718986e+00
3.632806066911278275e+00
3.038758175426932162e+00
3.284576349723883126e+00
3.257714118902378608e+00
3.298442092232883649e+00
3.249449531381839229e+00
3.015217214264868772e+00
2.934995366272793671e+00
2.892012745340641899e+00
3.107735497477632780e+00
2.947233225107242394e+00
2.817513935586025919e+00
2.815215618082126170e+00
2.709466336273692377e+00
3.082787707963901447e+00
2.864242849511791533e+00
2.708962438482192869e+00
2.431881663786852776e+00
2.648676637442518800e+00
2.414910023880279422e+00
2.387079886342902135e+00
2.340707187198256989e+00
2.337770705933239324e+00
2.441641928890312840e+00
2.219825447530327622e+00
2.227200794611048362e+00
2.189508805441026773e+00
2.165875660051693519e+00
2.142829440956102616e+00
2.056063557598449609e+00
2.260273743564219284e+00
1.858451712010756207e+00
2.173589659935314167e+00
1.807462244375859672e+00
2.130571988608847445e+00
2.045104976299445099e+00
1.802367141984992260e+00
1.928647588902718590e+00
1.815597943142891468e+00
1.904096547754150270e+00
1.664862283916056951e+00
1.751337163692065380e+00
1.765174223845316748e+00
1.398367621664600602e+00
1.539696815857939605e+00
1.641990146263966110e+00
1.404224164383883089e+00
1.578632335319336555e+00
1.383808647756745280e+00
1.488142948862959614e+00
1.512064265325902879e+00
1.345072444101780951e+00
1.290562229751355483e+00
1.297155676694772497e+00
1.372139799382028125e+00
1.537416606475402681e+00
1.270643855573409864e+00
1.329765094755404276e+00
1.093436917291422450e+00
1.443437661330707611e+00
1.240007259699489550e+00
1.227530833426355494e+00
1.152891741497638733e+00
1.077277161713205977e+00
1.085346239287652281e+00
1.337737411964506018e+00
1.051993991198869161e+00
1.171478624816282510e+00
9.896202719021497396e-01
9.636894531082415005e-01
1.400031719071715752e+00
1.184693791443078181e+00
1.115575581181053710e+00
1.187293515492609419e+00
1.212607558603635116e+00
9.622358883615853564e-01
9.204322289987229011e-01
1.049058030363638316e+00
7.903368315277006229e-01
9.942857388633212778e-01
8.447441948741764017e-01
9.500563544258707749e-01
8.632948639072093311e-01
8.374581017715843068e-01
8.947487692912458046e-01
9.105628055019155953e-01
9.519406827372446367e-01
9.785155764505784060e-01
9.384119138029189955e-01
1.079420237577024100e+00
9.830851473718351663e-01
1.045353437701598942e+00
1.026911198755794619e+00
7.711621920465160374e-01
9.931847459686927726e-01
1.066666450990129356e+00
9.255313841008607767e-01
8.868379038065150599e-01
9.276791516760797274e-01
9.724117079430412147e-01
1.152614800093816338e+00
6.385773365678186764e-01
8.491234325609281486e-01
7.562501937131725915e-01
7.604025067940360927e-01
6.441463530515493252e-01
8.982675830746591483e-01
7.443101714066754360e-01
3.235512755891097880e-01
4.407048001932114545e-01
3.537515754496960430e-01
5.026500447160654472e-01
3.996323280006452983e-01
3.736748071135576055e-01
6.957183275291634050e-02
2.911374236960948547e-01
3.058724495005111232e-01
3.791195634101759415e-01
2.205874437572084290e-01
1.897299367551045224e-01
1.500339903843940781e-01
9.149000591846423447e-03
2.028008560127919913e-01
1.820614951235870471e-01
3.783730256362729527e-01
6.259435424590735764e-01
1.840500521626713126e-01
3.309028050798921705e-01
2.407906073537055824e-01
3.853184026125114903e-01
5.599711566527827422e-01
5.386406102340189905e-01
6.819875587864503430e-01
4.572317554277963159e-01
3.897005220662097535e-01
7.341829803485248052e-01
6.147855763397239715e-01
7.810988933534201983e-01
8.978569882229032739e-01
8.465815196889029393e-01
9.417882209819103956e-01
9.033666294163333887e-01
8.388704303509134652e-01
1.376646665842844452e+00
1.182452934735532590e+00
1.583838927665252472e+00
1.173213413609297540e+00
1.180845185418304633e+00
1.298731440539080628e+00
1.294573699067375960e+00
1.233310190650842575e+00
1.537632529028629680e+00
1.312936075593023943e+00
1.608135108038124539e+00
1.612096756994087166e+00
1.734529341744758257e+00
1.698984691921836099e+00
1.788905379793393591e+00
1.886254718113606454e+00
1.700237548155265843e+00
1.623695568534512024e+00
2.154582625475080171e+00
1.859368013576711220e+00
1.925661108155573897e+00
1.924412893954614789e+00
1.959347699401838838e+00
2.198089781226590045e+00
2.253128022578936740e+00
2.272725985282800121e+00
2.271766893923063080e+00
2.197603410091894638e+00
2.376513295179382812e+00
2.377622114466058534e+00
2.335225597481086712e+00
2.414142989393063932e+00
2.502915127654635530e+00
2.564374326174385654e+00
2.383846984007150116e+00
2.444039056464163640e+00
2.468466037565834270e+00
2.493873785550760225e+00
2.751013380689824483e+00
2.692465693651779901e+00
2.560820722081786904e+00
2.832186087542276187e+00
2.783093879951459293e+00
2.917347159122797073e+00
2.892332872613951000e+00
2.806653222190335306e+00
2.984081464842751164e+00
2.946125457963063354e+00
3.050239333723775204e+00
3.204551221527604188e+00
3.076134119417135881e+00
3.174515868468365198e+00
3.251219901010068192e+00
3.193442125486744665e+00
3.292122803683572574e+00
3.231116038440738691e+00
3.138019632844377238e+00
3.477147016556959347e+00
3.300648616757221543e+00
3.638151240407081488e+00
3.354219873451572465e+00
3.447449164357866191e+00
3.647733444881405607e+00
3.590220208510197519e+00
3.662944851144636083e+00
3.786512941110773856e+00
3.626874275499819777e+00
3.714859078760353928e+00
3.703701545852823518e+00
3.831603154734255057e+00
3.947956027712383076e+00
3.784361335703120055e+00
4.038712525508652007e+00
4.038143311998140028e+00
3.929037389075027864e+00
4.079792697976857063e+00
3.847393532871493882e+00
4.161582819980873538e+00
3.914019588851324283e+00
3.942012478987518609e+00
3.919871697549453415e+00
4.180714905861718123e+00
4.065232315836128762e+00
4.057796551424791787e+00
4.247547542935964593e+00
4.159041134499790182e+00
4.052718140971186322e+00
4.496279571255531238e+00
4.283726066302854463e+00
4.249302836933773087e+00
4.205039037382722888e+00
4.131551931646799680e+00
4.184885115339597839e+00
4.278190230896763424e+00
4.278117564187827071e+00
4.028249192653678534e+00
4.235131056054376231e+00
4.309883623537321462e+00
4.115757852909907477e+00
4.223091336123406592e+00
4.523009700565078894e+00
4.175430836209484298e+00
4.250427719513724334e+00
4.189933007208681559e+00
4.214133432513738953e+00
4.054078956018491553e+00
4.269773589475710729e+00
4.226760494686065961e+00
4.169243575493380760e+00
4.111856334881405672e+00
4.038252862923669362e+00
3.951721808285731274e+00
4.192686249561838885e+00
4.184730434651144471e+00
4.316847525885911807e+00
4.039605961829487946e+00
4.143092735025842188e+00
4.148304442512144696e+00
4.095221413788973308e+00
4.186262411093609970e+00
4.171891029262743800e+00
4.006064449469779909e+00
4.013194698357908763e+00
4.044270574607692126e+00
4.129056844781077373e+00
3.930860314407235823e+00
4.030018712030843275e+00
3.957763376901667129e+00
3.979383569355130490e+00
3.907151242824404846e+00
4.069032883137790435e+00
4.152261420599584696e+00
3.932938620054548196e+00
3.961855762657607194e+00
3.851293904855323635e+00
3.937833519020556228e+00
4.055267531856999952e+00
3.908398000002551331e+00
3.974172788156535407e+00
3.881898433410359672e+00
3.573655957683868678e+00
3.746786386400435820e+00
3.653497292657613471e+00
3.999872512975180427e+00
3.559003772207598448e+00
3.678257589419475782e+00
3.604617245652512292e+00
3.734443016990331099e+00
3.718406836040134333e+00
3.607903866611986476e+00
3.596348489529460402e+00
3.543868183798476679e+00
3.248119585068514947e+00
3.361649974780989147e+00
3.398007968587863470e+00
3.401753968122521066e+00
3.417614825944784052e+00
3.305713497236589582e+00
3.168207375759816813e+00
3.205951973228206686e+00
3.095816033615669927e+00
3.147365287462655203e+00
3.285541947285340214e+00
3.085418485156573354e+00
3.061808045530095335e+00
3.061443547026635681e+00
2.807432980078227391e+00
3.031849156537277157e+00
3.005056579579759468e+00
2.792706660038396294e+00
2.680486709578119964e+00
2.678116732327902927e+00
2.619749643830797670e+00
2.198956091325181994e+00
2.504117793691475580e+00
2.405660227182008448e+00
2.287185380310657656e+00
2.594743780425993851e+00
2.132228026613995464e+00
2.144778728296417913e+00
2.170046958172148877e+00
2.035726735935142973e+00
1.872902295177967247e+00
2.094065182897333344e+00
2.002513804601558256e+00
1.919557512813717448e+00
1.817687165268830674e+00
1.864837766688780762e+00
1.885793718259908047e+00
1.587141986709025065e+00
1.665770147304590720e+00
1.723311672630803537e+00
1.521245961631028765e+00
1.447042430449013040e+00
1.437607288354771473e+00
1.264619775901034471e+00
1.232493550939134153e+00
1.123657745811303954e+00
9.316811095923267505e-01
8.709098470339869946e-01
1.431834229831846494e+00
8.831141180937513990e-01
9.658066009590112744e-01
9.770031513825337965e-01
9.677107122359459579e-01
9.618132045940932517e-01
9.877733494937670500e-01
7.448306509052409208e-01
6.308406976850410297e-01
5.600615038244765032e-01
7.452101995833351200e-01
8.321881014298204704e-01
5.189248836980114854e-01
4.707317173044672232e-01
4.029067037602106494e-01
4.120554138860019755e-01
2.862299187853145632e-01
1.193099007793616273e-01
1.595131863347752921e-01
3.223109357017276966e-01
3.967508337692815523e-01
2.443337630006759131e-01
4.675533048237074940e-01
-1.071965186198094999e-01
8.106776216918713807e-02
3.668375167093404499e-01
2.852295790998465308e-01
4.165077039138991855e-01
-9.892629484599023415e-02
5.435911113632383579e-02
-1.853436268533761311e-01
1.147942051226524818e-01
-9.754508284409192653e-02
5.513966492359143740e-02
-1.449931795764993481e-01
6.928293262599057034e-02
-9.909832096387089645e-03
-1.680983824229959622e-01
-4.231847393828418180e-03
4.289273976623034917e-02
1.366246569597955873e-01
-2.585164427206064763e-01
6.886607592732774119e-02
-1.137489065987378756e-01
-2.657254119092612721e-02
-9.446954960592704453e-02
-2.341507371796031772e-02
-3.355245620199039380e-01
4.195677841487804177e-02
9.127019803867875147e-02
-1.287347793960228956e-02
-1.026116850728111679e-01
-1.273793743644938137e-01
5.854833079865374712e-01
1.063908183116498291e-01
1.226195318780970572e-01
-2.205473059876161823e-02
-2.750306859913706492e-02
-1.174380929609637469e-01
-1.097216272480172200e-01
4.714334548897242128e-02
2.274505402631208928e-01
7.810556446060558378e-02
2.433909297489678658e-01
1.454198875522849932e-01
1.170789905747882803e-01
1.798993584111656108e-01
1.059577072532062181e-01
2.259443503657507513e-01
1.368014638526234283e-01
5.331520570005863213e-01
1.749422194637056949e-01
3.731785220502035205e-01
3.433329384832901621e-01
2.534865260517746854e-01
4.015334784371707988e-01
4.510928213195366521e-01
4.573323195211988490e-01
6.944591207723945780e-01
7.635563447614980292e-01
5.601230720282958098e-01
7.483781839088594623e-01
7.775205469187890239e-01
7.893659585926892097e-01
8.790408087577097351e-01
8.039604815702801055e-01
9.648578935337749352e-01
8.440354882879743670e-01
1.050612832666322660e+00
1.210872676534884507e+00
9.784185659550405090e-01
1.269933171187519916e+00
1.148078507837212436e+00
1.129943608760198170e+00
1.368631101002610650e+00
1.512326738356881473e+00
1.249786293694904682e+00
1.271687903334458136e+00
1.100318009014652043e+00
1.302905284715948575e+00
1.211278214830532995e+00
1.131099448892312065e+00
1.359838657093693781e+00
1.707842714063211975e+00
1.638382955359892312e+00
1.516331894245196210e+00
1.553487368582428196e+00
1.591099514174892704e+00
1.681230119191407635e+00
1.556124064191459100e+00
1.544624648154397706e+00
1.873031786298369639e+00
1.888274497607834501e+00
1.737901564607747806e+00
1.854666841100094832e+00
2.193414312148822987e+00
1.855780373544507755e+00
1.938235746833969708e+00
2.064950938713373318e+00
2.031489333719374013e+00
1.906060298427801225e+00
2.122772658161169002e+00
2.112913569131815272e+00
2.198980411537988733e+00
2.206702194524745142e+00
2.211320095849059530e+00
2.027429202065232694e+00
2.179679910608588678e+00
2.103789402377351792e+00
2.080879431494031984e+00
2.616206876852528840e+00
2.507705860178476964e+00
2.432362468448977300e+00
2.673837590399173347e+00
2.382302146403059151e+00
2.495673647959020247e+00
2.715555574893805613e+00
2.417882554963551200e+00
2.555495558244029297e+00
2.666016170253951767e+00
2.601316118629482865e+00
3.192650165918246685e+00
2.694812916588874785e+00
2.731090501932492032e+00
2.590182433237992576e+00
2.872518780323613630e+00
2.936542218671318594e+00
3.102949261782098400e+00
3.058420763668376452e+00
3.040884673093873669e+00
3.223270235775713033e+00
3.086588658423731868e+00
3.146085847834703575e+00
3.441634864214426326e+00
3.181935196458727688e+00
3.273710585246107030e+00
3.428967894596574695e+00
3.226214424544159520e+00
3.382111851335352526e+00
3.416261931009906494e+00
3.442434028652411548e+00
3.316823363956305837e+00
3.519093297916192409e+00
3.410353231540921737e+00
3.588526909094577277e+00
3.670164054897242956e+00
3.770927441658223245e+00
3.687396600341295017e+00
3.509855129939160712e+00
3.733895491188056859e+00
3.881273329668059269e+00
3.473145950650240454e+00
3.773494281621350144e+00
3.911931056650435501e+00
3.906125959471186793e+00
3.913178879333227389e+00
3.788665870475754982e+00
3.764295694742910037e+00
3.972436260456413848e+00
3.823001310859510671e+00
3.962791627862055410e+00
3.886280304162725852e+00
3.960800884412323697e+00
4.116203070890256832e+00
3.924926367721060405e+00
4.177427982886992019e+00
3.980028328409655369e+00
3.781821335209765600e+00
4.043015230703948859e+00
3.782392939213904182e+00
4.066999147880469678e+00
4.013780233649029583e+00
3.889658645105892987e+00
3.855752297663100681e+00
4.028368998723651728e+00
4.128084414240638544e+00
3.748313852869487484e+00
3.825592922089783521e+00
3.870439068023293849e+00
4.054847523937302078e+00
3.912895641660188772e+00
4.089313029204438621e+00
3.798542408864614472e+00
3.985979312758455517e+00
3.979259410921993645e+00
3.908933957908661494e+00
3.834976545605543130e+00
3.696310827629933016e+00
3.694741263658651853e+00
3.760415061514437607e+00
3.775696846660173467e+00
3.630361747355755675e+00
3.737271492630538816e+00
3.603967847885826359e+00
3.645498997012347253e+00
3.537567799125714618e+00
3.545015506339092681e+00
3.565822198873805693e+00
3.731469482982380015e+00
3.457786149999616754e+00
3.529863412645239507e+00
3.641749044442225358e+00
3.516987231921334889e+00
3.314849670438472007e+00
3.490497414251684472e+00
3.483530332075101654e+00
3.446327956466886722e+00
3.381530350964279119e+00
3.239156547733893721e+00
3.326657455523267970e+00
3.316132128173115756e+00
3.168233039800815831e+00
3.187133371144708072e+00
3.333726278298994483e+00
3.205220650490328893e+00
3.098370084505753574e+00
2.917464664360380766e+00
3.006225860023459262e+00
2.921958426534227549e+00
3.135441458363103617e+00
2.853968501261103352e+00
2.839846609889877804e+00
3.009355222442629874e+00
2.815217751361154708e+00
2.783291126120530201e+00
3.093539169866105887e+00
2.609866538927325674e+00
2.921576926427506660e+00
2.765207439279755430e+00
2.598481212791008410e+00
2.734257952885329690e+00
2.440976205459165715e+00
2.541208504155866521e+00
2.764574077034585464e+00
2.623690058758970434e+00
2.599873083280035413e+00
2.517107053792515536e+00
2.257708835126234881e+00
2.551431925600472272e+00
2.583924964597671625e+00
2.539490870412810519e+00
2.571667178117137187e+00
2.340565617135383913e+00
2.457270197917579058e+00
2.061175683907033651e+00
2.533438431359779752e+00
2.256288612353618550e+00
2.191880626420089850e+00
2.217617290369735983e+00
1.945429156270428006e+00
2.251358390060058223e+00
2.193568245867902444e+00
2.199637118295049820e+00
2.484108518855523418e+00
2.098690365008398118e+00
2.280163472271950820e+00
1.977723208404934097e+00
2.447358524670425695e+00
2.187246202553196905e+00
2.189820739538754335e+00
2.029080884860587908e+00
1.936626694279331984e+00
2.120874173632905091e+00
1.834442433498364000e+00
2.158143057364613426e+00
2.130389596920015727e+00
1.815753011693485686e+00
2.110432710814579949e+00
1.973384190669851268e+00
1.897666879049280997e+00
2.016144062757205369e+00
1.919884366219133609e+00
1.873411834390366293e+00
2.056733091848630846e+00
1.933644341122157995e+00
1.855890393597529275e+00
1.773069904272380759e+00
1.832707925665072235e+00
1.680873326131990586e+00
1.649586881747714395e+00
1.596355289824697543e+00
1.634408483279382152e+00
1.640790628062631873e+00
1.668780482849120395e+00
1.520963902633779341e+00
1.485927054863501962e+00
1.588737118437396845e+00
1.391708762249380227e+00
1.399605693240977722e+00
1.584249041475406239e+00
1.595604367165938342e+00
1.254111384169079635e+00
1.435805453256158826e+00
1.569295376033747358e+00
1.390618091895269748e+00
1.204631033387491890e+00
1.298135087714191727e+00
1.285792919534290535e+00
1.332421943969626987e+00
1.241452195221723453e+00
1.354887434934929136e+00
1.260762160662017184e+00
1.082786789955373807e+00
1.287287254265024883e+00
1.119417413354701463e+00
1.153409391169755382e+00
1.033615832026852255e+00
1.152164909631683498e+00
1.064334406344576323e+00
1.494760709497870765e+00
1.122455919319511830e+00
1.196537100960459732e+00
1.258109035682520194e+00
1.305201127837671393e+00
1.180619425762446273e+00
1.079983893117963500e+00
1.293117570083950785e+00
1.247039657234566556e+00
1.153851864058476950e+00
1.158680619151639224e+00
1.326452692549589418e+00
9.956947772095133820e-01
9.108332585798083469e-01
9.805417124906338211e-01
1.068958772073522745e+00
1.094313533112803771e+00
1.005259753919873988e+00
1.127690643988046526e+00
9.220389052654043294e-01
1.077849491529549120e+00
1.119685325295319611e+00
9.301035630612999316e-01
1.010496488815416205e+00
9.709358914309996758e-01
1.062672240994393391e+00
6.555292590119141671e-01
1.010667383122688001e+00
8.299930794312455618e-01
1.173365121116996646e+00
9.243315682798168842e-01
1.363236608853916731e+00
9.336082764345616791e-01
1.283291480417475317e+00
1.021482106578947224e+00
1.167493600782501417e+00
1.320068453624245297e+00
1.164709644604886574e+00
1.239790769180252772e+00
9.452352095059315396e-01
1.055983885426770685e+00
1.157838514392821150e+00
1.329508906089513776e+00
1.242436590354777604e+00
1.295873382565342569e+00
1.303200031398246583e+00
1.375358400647568313e+00
1.178039758966112016e+00
1.098133328122103070e+00
1.245152450589283477e+00
1.184662497463531805e+00
1.497757308667182263e+00
1.137981636327907609e+00
1.421677204887933366e+00
1.162766144596080631e+00
1.423598549258517698e+00
1.271500338854752998e+00
1.612819278470762896e+00
1.637320386436595498e+00
1.458726517308731152e+00
1.409555609738378124e+00
1.503711206241572951e+00
1.594051184327609949e+00
1.261717160134336435e+00
1.410168764171422007e+00
1.454199254537387631e+00
1.527956320504231247e+00
1.473957069989809687e+00
1.436337779234619472e+00
1.266263347362319269e+00
1.327507086959799132e+00
1.708813180448435887e+00
1.316908287745348183e+00
1.563651596372590324e+00
1.710521643012351767e+00
1.908921353331506587e+00
1.468406883894152637e+00
1.534546989547603824e+00
1.617897640462928166e+00
1.642720947911306517e+00
1.767514292290080169e+00
1.703881818474034748e+00
1.966509968083476778e+00
1.639447210291327117e+00
1.829788514478364769e+00
1.712208147389473023e+00
1.766789967222192281e+00
1.571616461141636556e+00
1.677323011907660533e+00
1.611290534908276673e+00
1.491135810336957856e+00
1.690048791309390230e+00
1.572179653738492666e+00
1.691345705373800357e+00
2.097564961174710696e+00
1.659768070211591784e+00
1.880892534713518804e+00
2.092258240953836168e+00
1.902862825332403585e+00
2.048653242753096571e+00
2.153380497405708915e+00
2.050606849913133356e+00
2.117805736624211121e+00
2.124238094081942307e+00
2.248917647566690103e+00
2.258759521878395127e+00
2.004052786412731546e+00
2.179383350016489640e+00
2.026958148377415725e+00
1.957824057479010893e+00
2.316104964755895335e+00
1.867137532523686527e+00
2.087652061320048436e+00
2.100811817944875592e+00
2.155361326097962937e+00
1.961953330323217948e+00
1.999643363984779043e+00
2.245794859471617055e+00
2.105401354215857168e+00
2.190532644281756092e+00
2.162260370813571253e+00
1.918631782025026933e+00
1.989558438270893070e+00
1.960559602828023218e+00
2.255470235045307081e+00
1.934397923571617994e+00
2.191097261593022427e+00
1.777461428045443270e+00
1.959245053407263848e+00
2.248331748861107648e+00
2.026251811407325576e+00
2.040029188494218104e+00
2.100387773913161560e+00
1.741970865808556646e+00
1.827453163909688705e+00
1.828118852704760267e+00
1.910414932155965362e+00
1.707297882956954505e+00
1.910774059570956585e+00
1.862427049607283447e+00
1.883684016813781836e+00
1.599119018336845111e+00
1.788167826453545661e+00
1.492166500096509640e+00
1.739749825124691451e+00
1.453244316963964389e+00
1.552470015878561371e+00
1.678488946653358571e+00
1.651233555948731224e+00
1.562217605665440656e+00
1.568106809321417439e+00
1.386078168840287228e+00
1.557444538246623544e+00
1.528113641128461042e+00
1.550849537118549781e+00
1.458149394055885395e+00
1.427662752555080683e+00
1.395589212044590521e+00
1.334523446868134622e+00
1.317831558743016052e+00
1.439896575946312263e+00
1.422456719704857209e+00
1.231893259107222915e+00
1.083167639406672045e+00
1.378551866038265628e+00
1.430892680868393052e+00
1.494941542911324639e+00
1.407989178309333234e+00
1.571639358788655016e+00
1.267548480820459567e+00
1.314632369287950020e+00
1.369852640302861468e+00
1.620455240114086370e+00
1.282182446780797180e+00
1.050051406351178329e+00
1.551564137138754740e+00
1.230910855866947706e+00
1.476255863036100013e+00
1.351831547577289294e+00
1.367024596338180409e+00
1.422180640021432296e+00
1.330845104381948918e+00
1.319911043644136361e+00
1.502270331470147768e+00
1.391639031748676869e+00
1.454420241532278668e+00
1.196296507879645699e+00
1.533256718826826903e+00
1.395634917819185583e+00
1.493751447206029148e+00
1.500190172845618841e+00
1.342121851836495017e+00
1.458869546521604388e+00
1.668820552216959241e+00
1.571371208488034243e+00
1.398383791823338163e+00
1.416341796043729007e+00
1.487153663081747679e+00
1.590653982777412212e+00
1.488844980951070651e+00
1.557985421678905080e+00
1.456787752916130607e+00
1.417947347765941890e+00
1.567844639511640326e+00
1.581383793440987340e+00
1.499823024569537644e+00
1.431548138361962819e+00
1.429365399863880892e+00
1.450033424085195977e+00
1.290225262439256282e+00
1.460210745632172680e+00
1.457801035883477869e+00
1.483414102561704695e+00
1.628319444016591344e+00
1.588493626154510396e+00
1.569087704686048745e+00
1.887411923109589384e+00
1.620521128535245214e+00
1.467602827644668206e+00
1.838524948330447106e+00
1.747242760133453032e+00
1.797828874734505256e+00
1.743809026228916315e+00
1.648907834588055898e+00
1.690548117261394534e+00
1.883066565006749071e+00
2.065391563113786688e+00
1.838319316393586922e+00
1.944381209366007557e+00
1.846373598788285220e+00
2.038467219452089196e+00
2.049042944781676479e+00
1.816856793298858186e+00
2.131115998761361485e+00
1.952672499772942327e+00
2.071882768682371090e+00
2.262095092536522856e+00
2.447448722202237636e+00
2.369278872228305133e+00
2.414321742061313003e+00
2.275462080893199790e+00
2.234567695501863849e+00
2.312986089072527118e+00
2.428063308088758365e+00
2.341053862499591798e+00
2.639557825828769744e+00
2.743131388610767551e+00
2.794922327947236163e+00
2.431520232675036919e+00
2.445802823051444364e+00
2.528938941657685291e+00
2.749904987897000552e+00
2.706747142424803076e+00
2.864260299983059088e+00
2.844706645549685664e+00
2.804408340738163474e+00
2.803754796432099461e+00
3.088486226346829788e+00
2.876786657253362911e+00
3.104093234819310876e+00
3.230594397886690228e+00
3.163078620358980686e+00
3.202606755951132200e+00
3.174187982203592995e+00
3.343884676860626737e+00
3.440962111508771848e+00
3.605966416202238900e+00
3.507606731160993974e+00
3.552492103552458591e+00
3.371677388369124895e+00
3.468239616128842240e+00
3.477979751454979507e+00
3.734551274592761150e+00
3.906185574102090552e+00
3.657997037959301423e+00
3.869717003897449104e+00
3.713587925821954183e+00
3.976335338723643975e+00
3.871498770250597854e+00
4.004115613597435619e+00
3.776319670586908650e+00
4.086116383465193458e+00
3.829698523506915198e+00
4.137210328899745271e+00
4.098171206818696177e+00
4.180216945481627810e+00
4.168440266558051555e+00
4.278294694860038661e+00
4.189758537142459716e+00
4.521059297019660583e+00
4.224975291950898715e+00
4.246453226361796673e+00
4.581876591778907049e+00
4.521340714864453325e+00
4.314171909314051589e+00
4.468262436402490323e+00
4.527242195998398167e+00
4.530319111651417430e+00
4.422137951949410173e+00
4.399345969232068221e+00
4.645621936179137990e+00
4.448409011050181938e+00
4.528725753680264532e+00
4.809883602535245828e+00
4.730203545187764647e+00
4.701547878731688890e+00
4.803070322225889477e+00
4.885022297520903223e+00
4.820169438395415895e+00
4.922149247471941713e+00
4.705648123545238093e+00
4.961513507083405550e+00
4.888487464651380066e+00
4.708676569235475284e+00
4.640416276734628198e+00
4.668320848487526042e+00
5.026554279032481531e+00
4.788847725142535872e+00
4.752246098017183229e+00
4.817837578523131548e+00
4.744086326827885003e+00
4.833023179685732806e+00
4.659804357545953124e+00
4.636591200559933235e+00
4.899656636112958097e+00
4.783162752141071117e+00
4.554167956287216157e+00
4.724746585403718946e+00
5.018098250403554950e+00
4.853653913412098397e+00
5.211652124306730194e+00
4.912832657775577871e+00
4.891653705927689444e+00
4.727618243975922674e+00
4.854217583659007573e+00
4.908608167790574406e+00
4.632855815667891619e+00
4.836327449074494744e+00
4.775274711972834929e+00
4.915240965076780988e+00
4.685972073592019171e+00
4.685900098721794471e+00
4.720916941172866643e+00
4.554756191369146556e+00
4.528924586632960825e+00
4.625768993279082864e+00
4.654442759676145513e+00
4.451030181105364747e+00
4.189981682132745355e+00
4.381222901201861752e+00
4.339185084855241570e+00
4.302172713615060928e+00
4.641976241370836753e+00
4.349963246987478271e+00
4.532386446927701762e+00
4.397355674708253837e+00
4.199016545459281602e+00
4.244062524010384863e+00
4.172751115550107137e+00
4.184894852118663522e+00
4.109005449311197822e+00
4.007697559192290093e+00
4.125055825617611305e+00
3.890991234977146274e+00
4.087481474857657560e+00
3.864195865843205180e+00
3.932881627951388737e+00
3.516695509327925961e+00
3.632558018884433082e+00
3.724823177983281219e+00
3.615322826312198590e+00
3.575144694112499355e+00
3.676671514577378730e+00
3.486153328449511868e+00
3.492697299496554386e+00
3.518617746227061804e+00
3.465229392469190373e+00
3.206088920150315769e+00
3.261830657631787034e+00
3.317453847555473345e+00
3.265677671328074183e+00
3.310223382447717633e+00
3.256139708205106675e+00
3.193699207916245175e+00
3.051162043918745681e+00
2.995333728214802260e+00
2.837127779396557692e+00
2.725815995801135649e+00
2.859761835941037500e+00
2.991290355452147498e+00
2.757310988896075621e+00
2.717097286325571570e+00
2.666042280900446482e+00
2.943119550384520888e+00
2.844374778036051765e+00
2.854036875235232085e+00
2.679943825460843421e+00
2.705028657234025857e+00
2.449043233658108942e+00
2.609642528176943976e+00
2.366794621384672670e+00
2.499100993984214814e+00
2.761158555123649272e+00
2.219356355724297014e+00
2.619599364025956501e+00
2.369284474087306247e+00
2.648425533436058465e+00
2.147334905857562593e+00
2.058409962723130260e+00
2.264769754103158839e+00
2.291693623551553483e+00
2.138229525004358145e+00
2.146673112632884184e+00
2.082119537339425897e+00
1.866464664162071463e+00
2.013527561009587519e+00
1.772106552764399323e+00
1.700512999288811278e+00
2.082546459828480412e+00
1.688762443272974867e+00
1.865219799395937406e+00
1.772083784250404470e+00
1.780274907810267759e+00
1.591602930144976558e+00
1.792478248942057872e+00
1.704662902720114781e+00
1.728200431282661986e+00
1.796530100089934523e+00
1.567467922985331885e+00
1.433975919129809817e+00
1.475212288163061380e+00
1.620756388522074820e+00
1.391714482341589676e+00
1.566207056745111625e+00
1.586245553928937069e+00
1.435315597069033888e+00
1.395316480070581067e+00
1.597944215399978996e+00
1.428983962183917100e+00
1.329037684592186741e+00
1.270447996376696587e+00
1.208453973986863605e+00
1.264329028290463564e+00
8.422883742924788253e-01
1.296931462671754520e+00
1.025225094540473059e+00
1.166691700268771337e+00
1.161648581467500829e+00
1.006322488889011435e+00
1.261639947221464997e+00
9.911191073170949606e-01
1.102347491391571399e+00
1.253774656677917543e+00
9.363881020766688934e-01
1.037215139463181224e+00
8.780094072835646912e-01
8.451024143515217801e-01
9.191038764100055714e-01
9.909656738946046595e-01
9.966974271959414544e-01
8.300118012267080347e-01
1.046273571591934459e+00
9.060905155819225509e-01
1.188315272111458043e+00
9.418465159974064305e-01
7.988717125640211192e-01
6.852457960167621653e-01
7.383898036607163817e-01
9.626935432489172051e-01
1.023097093881437214e+00
6.015144572044001103e-01
9.561327468504041693e-01
1.009901981948014615e+00
9.913150422019928465e-01
7.818447338969570781e-01
6.274158125001656483e-01
7.987526598941839806e-01
9.386275649258786213e-01
8.724395655597181332e-01
8.405992112319906617e-01
9.145999256962031865e-01
8.951343818666576135e-01
9.337235658675784311e-01
9.929232980404599784e-01
1.057972401137808660e+00
8.912874801627890253e-01
7.128409376412325749e-01
1.096027765465024784e+00
8.382905336666806040e-01
6.843636627435221165e-01
8.377411859798493676e-01
1.044831795064439461e+00
1.119457751619394204e+00
1.026055201598750521e+00
1.083227618218250754e+00
1.279184414636997946e+00
1.001561720199499739e+00
1.387779253105089650e+00
1.237741499231454601e+00
1.170148079548733122e+00
1.351257189024914540e+00
1.415125169222082535e+00
1.424848606393477990e+00
1.422606003832265209e+00
1.565360084600632362e+00
1.239117555914269531e+00
1.208779810474567062e+00
1.494597186563546565e+00
1.498852626128232224e+00
1.591930638408479259e+00
1.316612555855992017e+00
1.631272953331163178e+00
1.702115828944917642e+00
1.553003003445147856e+00
1.692189152935845042e+00
1.716127063405183728e+00
1.743505047619750226e+00
1.828022403633387194e+00
1.847064446993990305e+00
1.919074737420084276e+00
1.840130719456744890e+00
1.769355623055101745e+00
1.671867277467091517e+00
1.734575074114370397e+00
1.991408897033535741e+00
2.122399348255808782e+00
1.901346179294304273e+00
2.183723801991712232e+00
2.174773033682593670e+00
2.322066417747362888e+00
2.150118289016268669e+00
2.171949713824135930e+00
2.307485039945742944e+00
2.221363179107187502e+00
2.321648509230779922e+00
2.188922404271394839e+00
2.516344689583817740e+00
2.347778659526319700e+00
2.412022003144548510e+00
2.687042421900288858e+00
2.582456739107233279e+00
2.394909141368832817e+00
2.692295361979494928e+00
2.873430800250579509e+00
2.534348920600096644e+00
2.724571975389777911e+00
2.629670682589491104e+00
2.821945129777354566e+00
2.690724593083861471e+00
2.832458872271940375e+00
2.621102566813344747e+00
2.946807311888648861e+00
2.688975181938232151e+00
2.990266742288624879e+00
2.822369531285835453e+00
2.797305345202574234e+00
2.879935282971588073e+00
2.913608283522347353e+00
3.240846499032117300e+00
3.120473638892969248e+00
2.948326150481214825e+00
2.877403851375586630e+00
3.160482273823774335e+00
3.207014452891461254e+00
3.193776550666192815e+00
3.233145273841645295e+00
3.370075985077047864e+00
3.169695112771335310e+00
3.336317446221641170e+00
3.488729899393604228e+00
3.544638243398365862e+00
3.441280797803170977e+00
3.223790479510134865e+00
3.411988286769601864e+00
3.700657559767909000e+00
3.605474568024898296e+00
3.464401047025346347e+00
3.658369257489427984e+00
3.568684058186655683e+00
3.697338410488490101e+00
3.838645619337385018e+00
3.762853939633453937e+00
3.555095672418952635e+00
3.645839346078955767e+00
3.709838345873128329e+00
3.693569858841496689e+00
3.593446394770819285e+00
3.820015394637627182e+00
4.091138861148679418e+00
3.803156624632004768e+00
3.882207926303511858e+00
4.079574934467538938e+00
4.070749535991894597e+00
4.102507416419737929e+00
3.975790756411911708e+00
4.071881911613130178e+00
4.178471883514816909e+00
4.099009743035123776e+00
3.875813349659063434e+00
4.224082374535290896e+00
4.184051270124668598e+00
3.905584518582748021e+00
3.984943226481791445e+00
4.048476481618162204e+00
3.995857736033114893e+00
3.991564463200647950e+00
4.090369889718484586e+00
4.334440968988976906e+00
4.428196012413617488e+00
4.071804483794504215e+00
4.323905157073363981e+00
3.992790597359080262e+00
4.197559949819252623e+00
4.415263129349370708e+00
4.299490172344230920e+00
3.927365441194166529e+00
4.077422745061042519e+00
4.142412453768947955e+00
4.262316114217525431e+00
4.134156337492496114e+00
4.259652654960333962e+00
4.104088782817486347e+00
4.274851537102965615e+00
4.287146436690147944e+00
3.876404543982452378e+00
3.890954647919535603e+00
4.170542005362667837e+00
4.156588677994877301e+00
4.368541056821175772e+00
3.984330706127724664e+00
4.204556748356032436e+00
4.337523037360206501e+00
4.075921925070277396e+00
4.230168110102956902e+00
4.236926581444247830e+00
4.167289865975000396e+00
3.951889656516194282e+00
4.125757400714130441e+00
4.091518319685187421e+00
3.901526839140276426e+00
4.136655886410284921e+00
4.020758234294838473e+00
3.902038410980510186e+00
4.097954415126207728e+00
4.073103965257241832e+00
4.202589946823808376e+00
3.702411940145113878e+00
3.931791330726334799e+00
3.892032776568408181e+00
4.053211182389413914e+00
3.859911366963496349e+00
4.123529746715201227e+00
3.889820528523538101e+00
3.873813103623901632e+00
4.000332498138790882e+00
3.947749745559120171e+00
3.927899488465337097e+00
3.850080204437081211e+00
3.682209055715238044e+00
3.873207808149540021e+00
3.919098383352408455e+00
3.668970966287592006e+00
3.729033371364392835e+00
3.940179405424172554e+00
3.729672768018611251e+00
3.414788599607683217e+00
3.694052389559846716e+00
3.701682013388678083e+00
3.428729919547324645e+00
3.231579853285515558e+00
3.542131059629431977e+00
3.506921422443955549e+00
3.503903990984470695e+00
3.268222503131239076e+00
3.644854805880844761e+00
3.204895886941164562e+00
3.368663872862445174e+00
3.411432373308509014e+00
3.297925505354664999e+00
3.214676886496035113e+00
3.462940128760696901e+00
3.244539530014705075e+00
3.202884712652571686e+00
2.996478731121499983e+00
3.165108352504951927e+00
3.017208414248533366e+00
3.040610746043507451e+00
2.852722905016318311e+00
2.872230580468251304e+00
2.687962918362162945e+00
3.046213583998253593e+00
2.841749271574752989e+00
2.937978818123769376e+00
2.922073263726797876e+00
2.862729564591782072e+00
2.601783416592998055e+00
2.802383100313914355e+00
2.846364152995301211e+00
2.883888226961358825e+00
2.649527502216028285e+00
2.684053425104866886e+00
2.346977163679976996e+00
2.461979449697776712e+00
2.817631555224646256e+00
2.496639706316345464e+00
2.735970886726673879e+00
2.339250342553250483e+00
2.206010606793864071e+00
2.371270161913858310e+00
2.387032954561965514e+00
2.327993997701543361e+00
2.404661730034992395e+00
2.430197711011667483e+00
2.288503300448740063e+00
2.537947175576223291e+00
2.509727567903126566e+00
2.351805004264914345e+00
2.174755615813880993e+00
2.202845303807936084e+00
2.167303497829875081e+00
2.276485905509072705e+00
2.132236993880832099e+00
2.239141690154228037e+00
2.008479501535348710e+00
2.307157699906789095e+00
2.142432972831545435e+00
2.097204338381301270e+00
1.978297192269335314e+00
2.259594067866204981e+00
2.094364802875471554e+00
2.005768078142969646e+00
1.900392529172168388e+00
1.921028387220740985e+00
1.719990093856671898e+00
1.931462980689784059e+00
2.089594701333532090e+00
1.892293499459449357e+00
1.717008702963315425e+00
1.862045172045044383e+00
1.879011943999553180e+00
1.890910596468778682e+00
1.885707763536385473e+00
1.825235860270723043e+00
1.665102554229297649e+00
1.656875615753470310e+00
1.821606203119032985e+00
1.593068061781831579e+00
1.780087583835691101e+00
1.367123423192342813e+00
1.659150813242846745e+00
1.666058124262620455e+00
1.811194980821371203e+00
1.363266076181151032e+00
1.401633333989369623e+00
1.521918677995060420e+00
1.360351255403327020e+00
1.425977278037528606e+00
1.402319848018618753e+00
1.456487482511464648e+00
1.306974229304726176e+00
1.552249429415325066e+00
1.442209566774718787e+00
1.489027476375255343e+00
1.425025350242162370e+00
1.520311192367256092e+00
1.398981982570855154e+00
1.223346877177257985e+00
1.425352739127214052e+00
1.546356458063745887e+00
1.256998333465688455e+00
1.453068404929947821e+00
1.370597893992872685e+00
1.532556285839271615e+00
1.318349266740372006e+00
1.119936853655920217e+00
1.201819800867085952e+00
1.114648050098416387e+00
1.155230993640423032e+00
1.189800965058172011e+00
1.143148796132506195e+00
1.251851141345468710e+00
1.123877497442283380e+00
1.292613972230150843e+00
8.193102554122730918e-01
1.043753980671287884e+00
1.256569361018185838e+00
9.715529398628851565e-01
1.259985269318996126e+00
9.951221386397213209e-01
1.017353984935097655e+00
1.167184478386883439e+00
1.171494494890427340e+00
1.022694542305427001e+00
1.089700938129535501e+00
1.094503623983435370e+00
9.390035498722849594e-01
1.296544953533435240e+00
1.017114989834968064e+00
1.024571495394733800e+00
1.180703556801337983e+00
1.140823824651210350e+00
1.315975699100776053e+00
8.725926610980356823e-01
1.106242732775128523e+00
1.126361282567829081e+00
1.057750213358145341e+00
1.014551093940247561e+00
1.095282393631284990e+00
1.176656045011315932e+00
1.187821738290798068e+00
1.175192759969332812e+00
1.011406001020197953e+00
1.236958064763527210e+00
1.112068605825104584e+00
1.235048169529528117e+00
1.363845682784845748e+00
1.288528845334379502e+00
1.302722700129673727e+00
1.448113728327179661e+00
1.136707117441731585e+00
1.340795025958539055e+00
1.208353666121226855e+00
1.350328240307883565e+00
1.342233124992091797e+00
1.353039026217069951e+00
1.618965823360597689e+00
1.358687404353699613e+00
1.515457281036563408e+00
1.443439538116935816e+00
1.410402170201745298e+00
1.230899451671737754e+00
1.328385336813062256e+00
1.592493544958910823e+00
1.533203420416631380e+00
1.543247648335005939e+00
1.560288579406346576e+00
1.623782363714696864e+00
1.498963619181129969e+00
1.791864392462262590e+00
1.742954670604931700e+00
1.677971400006657676e+00
2.006652620762818362e+00
1.595483789941342989e+00
1.857311353642743246e+00
1.943046139961897900e+00
1.994869109354583614e+00
1.638754309281155397e+00
1.971762008556003476e+00
1.903900624133420649e+00
1.767670636397368433e+00
1.772536474979851340e+00
1.873196474109267262e+00
